0.000000000 0.000000 0.000000 0.997787 0.000001 0.000000 0.000000 0.000000 0.000283 0.000123 0.002137 0.000000 0 -0.000331
1.000000000 0.000000 0.000000 0.997754 0.000001 0.000000 0.000000 0.000000 0.000285 0.000149 0.002143 0.000000 0 -0.000331
2.000000000 0.000000 0.000000 0.997720 0.000001 0.000000 0.000000 0.000000 0.000286 0.000176 0.002149 0.000000 0 -0.000331
3.000000000 0.000000 0.000000 0.997685 0.000001 0.000000 0.000000 0.000000 0.000287 0.000205 0.002154 0.000000 0 -0.000331
4.000000000 0.000000 0.000000 0.997650 0.000001 0.000000 0.000000 0.000000 0.000288 0.000235 0.002157 0.000000 0 -0.000331
5.000000000 0.000000 0.000000 0.997615 0.000001 0.000000 0.000000 0.000000 0.000289 0.000267 0.002160 0.000000 0 -0.000331
6.000000000 0.000000 0.000000 0.997579 0.000001 0.000000 0.000000 0.000000 0.000289 0.000300 0.002162 0.000000 0 -0.000331
7.000000000 0.000000 0.000000 0.997543 0.000001 0.000000 0.000000 0.000000 0.000290 0.000335 0.002163 0.000000 0 -0.000331
8.000000000 0.000000 0.000000 0.997507 0.000001 0.000000 0.000000 0.000000 0.000290 0.000371 0.002162 0.000000 0 -0.000331
9.000000000 0.000000 0.000000 0.997472 0.000001 0.000000 0.000000 0.000000 0.000290 0.000407 0.002161 0.000000 0 -0.000331
10.000000000 0.000000 0.000000 0.997436 0.000001 0.000000 0.000000 0.000000 0.000290 0.000444 0.002159 0.000000 0 -0.000331
11.000000000 0.000000 0.000000 0.997400 0.000001 0.000000 0.000000 0.000000 0.000290 0.000483 0.002156 0.000000 0 -0.000331
12.000000000 0.000000 0.000000 0.997366 0.000002 0.000000 0.000000 0.000000 0.000290 0.000522 0.002152 0.000000 0 -0.000331
13.000000000 0.000000 0.000000 0.997331 0.000002 0.000000 0.000000 0.000000 0.000290 0.000563 0.002147 0.000000 0 -0.000331
14.000000000 0.000000 0.000000 0.997296 0.000002 0.000000 0.000000 0.000000 0.000290 0.000604 0.002140 0.000000 0 -0.000331
15.000000000 0.000000 0.000000 0.997262 0.000002 0.000000 0.000000 0.000000 0.000289 0.000645 0.002133 0.000000 0 -0.000331
16.000000000 0.000000 0.000000 0.997228 0.000002 0.000000 0.000000 0.000000 0.000288 0.000688 0.002125 0.000000 0 -0.000331
17.000000000 0.000000 0.000000 0.997194 0.000002 0.000000 0.000000 0.000000 0.000288 0.000731 0.002116 0.000000 0 -0.000331
18.000000000 0.000000 0.000000 0.997161 0.000002 0.000000 0.000000 0.000000 0.000287 0.000775 0.002106 0.000000 0 -0.000331
19.000000000 0.000000 0.000000 0.997128 0.000002 0.000000 0.000000 0.000000 0.000286 0.000820 0.002096 0.000000 0 -0.000331
20.000000000 0.000000 0.000000 0.997096 0.000002 0.000000 0.000000 0.000000 0.000284 0.000865 0.002084 0.000000 0 -0.000331
21.000000000 0.000000 0.000000 0.997064 0.000002 0.000000 0.000000 0.000000 0.000283 0.000911 0.002071 0.000000 0 -0.000331
22.000000000 0.000000 0.000000 0.997033 0.000002 0.000001 0.000000 0.000000 0.000282 0.000956 0.002057 0.000000 0 -0.000331
23.000000000 0.000000 0.000000 0.997001 0.000002 0.000002 0.000000 0.000000 0.000280 0.001003 0.002043 0.000000 0 -0.000331
24.000000000 0.000000 0.000000 0.996968 0.000002 0.000005 0.000000 0.000000 0.000278 0.001050 0.002027 0.000000 0 -0.000331
25.000000000 0.000000 0.000000 0.996935 0.000002 0.000009 0.000000 0.000000 0.000277 0.001097 0.002011 0.000000 0 -0.000331
26.000000000 0.000000 0.000000 0.996902 0.000002 0.000013 0.000000 0.000000 0.000275 0.001144 0.001994 0.000000 0 -0.000331
27.000000000 0.000000 0.000000 0.996870 0.000003 0.000018 0.000000 0.000000 0.000273 0.001192 0.001976 0.000000 0 -0.000331
28.000000000 0.000000 0.000000 0.996838 0.000003 0.000023 0.000000 0.000000 0.000270 0.001240 0.001957 0.000000 0 -0.000331
29.000000000 0.000000 0.000000 0.996808 0.000003 0.000027 0.000000 0.000000 0.000268 0.001288 0.001937 0.000000 0 -0.000331
30.000000000 0.000000 0.000000 0.996777 0.000003 0.000033 0.000000 0.000000 0.000266 0.001336 0.001917 0.000000 0 -0.000331
31.000000000 0.000000 0.000000 0.996746 0.000003 0.000039 0.000000 0.000000 0.000263 0.001384 0.001896 0.000000 0 -0.000331
32.000000000 0.000000 0.000000 0.996716 0.000003 0.000045 0.000000 0.000000 0.000260 0.001432 0.001873 0.000000 0 -0.000331
33.000000000 0.000000 0.000000 0.996687 0.000003 0.000052 0.000000 0.000000 0.000258 0.001481 0.001851 0.000000 0 -0.000331
34.000000000 0.000000 0.000000 0.996658 0.000003 0.000059 0.000000 0.000000 0.000255 0.001529 0.001827 0.000000 0 -0.000331
35.000000000 0.000000 0.000000 0.996631 0.000003 0.000066 0.000000 0.000000 0.000252 0.001576 0.001803 0.000000 0 -0.000331
36.000000000 0.000000 0.000000 0.996601 0.000003 0.000074 0.000002 0.000000 0.000249 0.001624 0.001778 0.000000 0 -0.000331
37.000000000 0.000000 0.000000 0.996571 0.000003 0.000082 0.000006 0.000000 0.000246 0.001672 0.001752 0.000000 0 -0.000331
38.000000000 0.000000 0.000000 0.996540 0.000003 0.000089 0.000012 0.000000 0.000242 0.001719 0.001726 0.000000 0 -0.000331
39.000000000 0.000000 0.000000 0.996506 0.000003 0.000097 0.000021 0.000000 0.000239 0.001766 0.001699 0.000000 0 -0.000331
40.000000000 0.000000 0.000000 0.996471 0.000003 0.000106 0.000032 0.000000 0.000236 0.001812 0.001671 0.000000 0 -0.000331
41.000000000 0.000000 0.000000 0.996434 0.000003 0.000114 0.000047 0.000000 0.000232 0.001858 0.001643 0.000000 0 -0.000331
42.000000000 0.000000 0.000000 0.996395 0.000004 0.000123 0.000063 0.000000 0.000228 0.001904 0.001614 0.000000 0 -0.000331
43.000000000 0.000000 0.000000 0.996355 0.000004 0.000131 0.000083 0.000000 0.000225 0.001949 0.001585 0.000000 0 -0.000331
44.000000000 0.000000 0.000000 0.996311 0.000004 0.000140 0.000107 0.000000 0.000221 0.001994 0.001555 0.000000 0 -0.000331
45.000000000 0.000000 0.000000 0.996267 0.000004 0.000149 0.000132 0.000000 0.000217 0.002038 0.001524 0.000000 0 -0.000331
46.000000000 0.000000 0.000000 0.996222 0.000004 0.000159 0.000159 0.000000 0.000213 0.002081 0.001494 0.000000 0 -0.000331
47.000000000 0.000000 0.000000 0.996176 0.000004 0.000168 0.000187 0.000000 0.000209 0.002124 0.001462 0.000000 0 -0.000331
48.000000000 0.000000 0.000000 0.996131 0.000004 0.000177 0.000217 0.000000 0.000205 0.002166 0.001431 0.000000 0 -0.000331
49.000000000 0.000000 0.000000 0.996084 0.000004 0.000187 0.000249 0.000000 0.000201 0.002208 0.001399 0.000000 0 -0.000331
50.000000000 0.000000 0.000000 0.996037 0.000004 0.000197 0.000283 0.000000 0.000197 0.002248 0.001366 0.000000 0 -0.000331
51.000000000 0.000000 0.000000 0.995989 0.000004 0.000206 0.000318 0.000000 0.000192 0.002288 0.001333 0.000000 0 -0.000331
52.000000000 0.000000 0.000000 0.995941 0.000004 0.000216 0.000354 0.000000 0.000188 0.002328 0.001300 0.000000 0 -0.000331
53.000000000 0.000000 0.000000 0.995893 0.000004 0.000226 0.000391 0.000000 0.000184 0.002366 0.001267 0.000000 0 -0.000331
54.000000000 0.000000 0.000000 0.995846 0.000004 0.000236 0.000429 0.000000 0.000179 0.002403 0.001233 0.000000 0 -0.000331
55.000000000 0.000000 0.000000 0.995799 0.000004 0.000246 0.000468 0.000000 0.000175 0.002440 0.001200 0.000000 0 -0.000331
56.000000000 0.000000 0.000000 0.995751 0.000004 0.000256 0.000508 0.000000 0.000170 0.002475 0.001166 0.000000 0 -0.000331
57.000000000 0.000000 0.000000 0.995704 0.000004 0.000267 0.000549 0.000000 0.000166 0.002510 0.001132 0.000000 0 -0.000331
58.000000000 0.000000 0.000000 0.995657 0.000004 0.000277 0.000591 0.000000 0.000161 0.002543 0.001097 0.000000 0 -0.000331
59.000000000 0.000000 0.000000 0.995611 0.000004 0.000287 0.000634 0.000000 0.000157 0.002576 0.001063 0.000000 0 -0.000331
60.000000000 0.000000 0.000000 0.995564 0.000004 0.000297 0.000678 0.000000 0.000152 0.002607 0.001029 0.000000 0 -0.000331
61.000000000 0.000000 0.000000 0.995518 0.000004 0.000307 0.000722 0.000000 0.000147 0.002638 0.000994 0.000000 0 -0.000331
62.000000000 0.000000 0.000000 0.995473 0.000004 0.000317 0.000767 0.000000 0.000143 0.002667 0.000960 0.000000 0 -0.000331
63.000000000 0.000000 0.000000 0.995428 0.000004 0.000328 0.000813 0.000000 0.000138 0.002695 0.000925 0.000000 0 -0.000331
64.000000000 0.000000 0.000000 0.995383 0.000004 0.000338 0.000859 0.000000 0.000133 0.002723 0.000891 0.000000 0 -0.000331
65.000000000 0.000000 0.000000 0.995339 0.000004 0.000348 0.000906 0.000000 0.000129 0.002749 0.000857 0.000000 0 -0.000331
66.000000000 0.000000 0.000000 0.995295 0.000004 0.000358 0.000954 0.000000 0.000124 0.002773 0.000823 0.000000 0 -0.000331
67.000000000 0.000000 0.000000 0.995253 0.000004 0.000368 0.001002 0.000000 0.000119 0.002797 0.000789 0.000000 0 -0.000331
68.000000000 0.000000 0.000000 0.995210 0.000004 0.000378 0.001050 0.000000 0.000115 0.002819 0.000755 0.000000 0 -0.000331
69.000000000 0.000000 0.000000 0.995169 0.000004 0.000387 0.001099 0.000000 0.000110 0.002840 0.000722 0.000000 0 -0.000331
70.000000000 0.000000 0.000000 0.995128 0.000004 0.000397 0.001148 0.000000 0.000105 0.002860 0.000688 0.000000 0 -0.000331
71.000000000 0.000000 0.000000 0.995088 0.000004 0.000407 0.001197 0.000000 0.000101 0.002879 0.000655 0.000000 0 -0.000331
72.000000000 0.000000 0.000000 0.995048 0.000004 0.000416 0.001247 0.000000 0.000096 0.002896 0.000623 0.000000 0 -0.000331
73.000000000 0.000000 0.000000 0.995010 0.000004 0.000426 0.001297 0.000000 0.000092 0.002912 0.000591 0.000000 0 -0.000331
74.000000000 0.000000 0.000000 0.994972 0.000004 0.000435 0.001347 0.000000 0.000087 0.002927 0.000559 0.000000 0 -0.000331
75.000000000 0.000000 0.000000 0.994935 0.000004 0.000444 0.001397 0.000000 0.000083 0.002940 0.000527 0.000000 0 -0.000331
76.000000000 0.000000 0.000000 0.994900 0.000004 0.000453 0.001447 0.000000 0.000079 0.002953 0.000496 0.000000 0 -0.000331
77.000000000 0.000000 0.000000 0.994865 0.000004 0.000462 0.001497 0.000000 0.000074 0.002963 0.000466 0.000000 0 -0.000331
78.000000000 0.000000 0.000000 0.994831 0.000004 0.000471 0.001547 0.000000 0.000070 0.002973 0.000436 0.000000 0 -0.000331
79.000000000 0.000000 0.000000 0.994798 0.000004 0.000479 0.001597 0.000000 0.000066 0.002981 0.000406 0.000000 0 -0.000331
80.000000000 0.000000 0.000000 0.994766 0.000004 0.000487 0.001646 0.000000 0.000062 0.002988 0.000377 0.000000 0 -0.000331
81.000000000 0.000000 0.000000 0.994735 0.000004 0.000496 0.001696 0.000000 0.000058 0.002993 0.000349 0.000000 0 -0.000331
82.000000000 0.000000 0.000000 0.994705 0.000004 0.000504 0.001745 0.000000 0.000054 0.002997 0.000322 0.000000 0 -0.000331
83.000000000 0.000000 0.000000 0.994676 0.000004 0.000511 0.001794 0.000000 0.000050 0.003000 0.000295 0.000000 0 -0.000331
84.000000000 0.000000 0.000000 0.994650 0.000004 0.000519 0.001843 0.000000 0.000046 0.003002 0.000268 0.000000 0 -0.000331
85.000000000 0.000000 0.000000 0.994623 0.000004 0.000527 0.001891 0.000000 0.000042 0.003002 0.000242 0.000000 0 -0.000331
86.000000000 0.000000 0.000000 0.994598 0.000004 0.000534 0.001939 0.000000 0.000039 0.003000 0.000217 0.000000 0 -0.000331
87.000000000 0.000000 0.000000 0.994574 0.000004 0.000541 0.001986 0.000000 0.000035 0.002998 0.000193 0.000000 0 -0.000331
88.000000000 0.000000 0.000000 0.994550 0.000004 0.000548 0.002033 0.000000 0.000032 0.002994 0.000171 0.000000 0 -0.000331
89.000000000 0.000000 0.000000 0.994528 0.000004 0.000554 0.002080 0.000000 0.000028 0.002988 0.000149 0.000000 0 -0.000331
90.000000000 0.000000 0.000000 0.994507 0.000004 0.000560 0.002125 0.000000 0.000025 0.002981 0.000128 0.000000 0 -0.000331
91.000000000 0.000000 0.000000 0.994486 0.000004 0.000567 0.002171 0.000000 0.000022 0.002973 0.000109 0.000000 0 -0.000331
92.000000000 0.000000 0.000000 0.994467 0.000004 0.000572 0.002215 0.000000 0.000019 0.002964 0.000090 0.000000 0 -0.000331
93.000000000 0.000000 0.000000 0.994448 0.000004 0.000578 0.002259 0.000000 0.000016 0.002953 0.000072 0.000002 0 -0.000331
94.000000000 0.000000 0.000000 0.994426 0.000004 0.000583 0.002302 0.000000 0.000013 0.002941 0.000057 0.000005 0 -0.000331
95.000000000 0.000000 0.000000 0.994402 0.000004 0.000589 0.002344 0.000000 0.000011 0.002928 0.000044 0.000010 0 -0.000331
96.000000000 0.000000 0.000000 0.994377 0.000004 0.000593 0.002385 0.000000 0.000009 0.002913 0.000032 0.000018 0 -0.000331
97.000000000 0.000000 0.000000 0.994350 0.000004 0.000598 0.002426 0.000000 0.000007 0.002897 0.000022 0.000027 0 -0.000331
98.000000000 0.000000 0.000000 0.994321 0.000004 0.000602 0.002466 0.000000 0.000005 0.002880 0.000014 0.000039 0 -0.000331
99.000000000 0.000000 0.000000 0.994292 0.000004 0.000606 0.002504 0.000000 0.000003 0.002861 0.000008 0.000052 0 -0.000331
100.000000000 0.000000 0.000000 0.994262 0.000004 0.000610 0.002542 0.000000 0.000001 0.002841 0.000004 0.000067 0 -0.000331
101.000000000 0.000000 0.000000 0.994230 0.000004 0.000614 0.002579 0.000000 0.000000 0.002820 0.000001 0.000083 0 -0.000331
102.000000000 0.000000 0.000000 0.994197 0.000004 0.000617 0.002615 0.000000 0.000000 0.002798 0.000000 0.000100 0 -0.000331
103.000000000 0.000000 0.000000 0.994166 0.000004 0.000620 0.002650 0.000000 0.000000 0.002774 0.000000 0.000118 0 -0.000331
104.000000000 0.000000 0.000000 0.994135 0.000004 0.000623 0.002683 0.000000 0.000000 0.002750 0.000000 0.000137 0 -0.000331
105.000000000 0.000000 0.000000 0.994105 0.000003 0.000625 0.002716 0.000000 0.000000 0.002724 0.000000 0.000158 0 -0.000331
106.000000000 0.000000 0.000000 0.994077 0.000003 0.000627 0.002747 0.000000 0.000000 0.002697 0.000000 0.000179 0 -0.000331
107.000000000 0.000000 0.000000 0.994050 0.000003 0.000629 0.002778 0.000000 0.000000 0.002668 0.000000 0.000202 0 -0.000331
108.000000000 0.000000 0.000000 0.994026 0.000003 0.000631 0.002807 0.000000 0.000000 0.002639 0.000000 0.000224 0 -0.000331
109.000000000 0.000000 0.000000 0.994004 0.000003 0.000632 0.002835 0.000000 0.000000 0.002609 0.000000 0.000248 0 -0.000331
110.000000000 0.000000 0.000000 0.993984 0.000003 0.000633 0.002862 0.000000 0.000000 0.002577 0.000000 0.000272 0 -0.000331
111.000000000 0.000000 0.000000 0.993965 0.000003 0.000634 0.002887 0.000000 0.000000 0.002545 0.000000 0.000297 0 -0.000331
112.000000000 0.000000 0.000000 0.993949 0.000003 0.000634 0.002912 0.000000 0.000000 0.002511 0.000000 0.000322 0 -0.000331
113.000000000 0.000000 0.000000 0.993934 0.000003 0.000635 0.002935 0.000000 0.000000 0.002477 0.000000 0.000348 0 -0.000331
114.000000000 0.000000 0.000000 0.993921 0.000003 0.000634 0.002957 0.000000 0.000000 0.002441 0.000000 0.000375 0 -0.000331
115.000000000 0.000000 0.000000 0.993910 0.000003 0.000634 0.002977 0.000000 0.000000 0.002405 0.000000 0.000402 0 -0.000331
116.000000000 0.000000 0.000000 0.993902 0.000003 0.000633 0.002996 0.000000 0.000000 0.002367 0.000000 0.000430 0 -0.000331
117.000000000 0.000000 0.000000 0.993895 0.000003 0.000632 0.003014 0.000000 0.000000 0.002329 0.000000 0.000458 0 -0.000331
118.000000000 0.000000 0.000000 0.993890 0.000003 0.000631 0.003031 0.000000 0.000000 0.002290 0.000000 0.000486 0 -0.000331
119.000000000 0.000000 0.000000 0.993888 0.000003 0.000629 0.003046 0.000000 0.000000 0.002250 0.000000 0.000515 0 -0.000331
120.000000000 0.000000 0.000000 0.993887 0.000003 0.000628 0.003060 0.000000 0.000000 0.002210 0.000000 0.000545 0 -0.000331
121.000000000 0.000000 0.000000 0.993889 0.000002 0.000626 0.003072 0.000000 0.000000 0.002168 0.000000 0.000574 0 -0.000331
122.000000000 0.000000 0.000000 0.993892 0.000002 0.000623 0.003083 0.000000 0.000000 0.002126 0.000000 0.000604 0 -0.000331
123.000000000 0.000000 0.000000 0.993898 0.000002 0.000620 0.003093 0.000000 0.000000 0.002083 0.000000 0.000635 0 -0.000331
124.000000000 0.000000 0.000000 0.993905 0.000002 0.000617 0.003101 0.000000 0.000000 0.002040 0.000000 0.000665 0 -0.000331
125.000000000 0.000000 0.000000 0.993915 0.000002 0.000614 0.003108 0.000000 0.000000 0.001996 0.000000 0.000696 0 -0.000331
126.000000000 0.000000 0.000000 0.993927 0.000002 0.000611 0.003114 0.000000 0.000000 0.001951 0.000000 0.000727 0 -0.000331
127.000000000 0.000000 0.000000 0.993940 0.000002 0.000607 0.003118 0.000000 0.000000 0.001906 0.000000 0.000758 0 -0.000331
128.000000000 0.000000 0.000000 0.993956 0.000002 0.000603 0.003120 0.000000 0.000000 0.001860 0.000000 0.000790 0 -0.000331
129.000000000 0.000000 0.000000 0.993974 0.000002 0.000599 0.003122 0.000000 0.000000 0.001814 0.000000 0.000821 0 -0.000331
130.000000000 0.000000 0.000000 0.993993 0.000002 0.000594 0.003121 0.000000 0.000000 0.001768 0.000000 0.000853 0 -0.000331
131.000000000 0.000000 0.000000 0.994015 0.000002 0.000589 0.003120 0.000000 0.000000 0.001721 0.000000 0.000885 0 -0.000331
132.000000000 0.000000 0.000000 0.994038 0.000002 0.000584 0.003117 0.000001 0.000000 0.001674 0.000000 0.000916 0 -0.000331
133.000000000 0.000000 0.000000 0.994062 0.000002 0.000579 0.003112 0.000002 0.000000 0.001626 0.000000 0.000948 0 -0.000331
134.000000000 0.000000 0.000000 0.994087 0.000002 0.000573 0.003107 0.000005 0.000000 0.001578 0.000000 0.000980 0 -0.000331
135.000000000 0.000000 0.000000 0.994112 0.000001 0.000567 0.003099 0.000009 0.000000 0.001531 0.000000 0.001011 0 -0.000331
136.000000000 0.000000 0.000000 0.994139 0.000001 0.000561 0.003091 0.000014 0.000000 0.001483 0.000000 0.001043 0 -0.000331
137.000000000 0.000000 0.000000 0.994167 0.000001 0.000555 0.003081 0.000019 0.000000 0.001435 0.000000 0.001074 0 -0.000331
138.000000000 0.000000 0.000000 0.994197 0.000001 0.000548 0.003069 0.000024 0.000000 0.001386 0.000000 0.001105 0 -0.000331
139.000000000 0.000000 0.000000 0.994228 0.000001 0.000542 0.003057 0.000029 0.000000 0.001338 0.000000 0.001136 0 -0.000331
140.000000000 0.000000 0.000000 0.994261 0.000001 0.000535 0.003043 0.000035 0.000000 0.001290 0.000000 0.001167 0 -0.000331
141.000000000 0.000000 0.000000 0.994294 0.000001 0.000527 0.003027 0.000042 0.000000 0.001242 0.000000 0.001197 0 -0.000331
142.000000000 0.000000 0.000000 0.994329 0.000001 0.000520 0.003010 0.000049 0.000000 0.001194 0.000000 0.001228 0 -0.000331
143.000000000 0.000000 0.000000 0.994366 0.000001 0.000512 0.002992 0.000056 0.000000 0.001147 0.000000 0.001258 0 -0.000331
144.000000000 0.000000 0.000000 0.994403 0.000001 0.000505 0.002973 0.000064 0.000000 0.001099 0.000000 0.001287 0 -0.000331
145.000000000 0.000000 0.000000 0.994442 0.000001 0.000497 0.002952 0.000072 0.000000 0.001052 0.000000 0.001317 0 -0.000331
146.000000000 0.000000 0.000000 0.994483 0.000001 0.000488 0.002930 0.000079 0.000000 0.001005 0.000000 0.001345 0 -0.000331
147.000000000 0.000000 0.000000 0.994524 0.000001 0.000480 0.002906 0.000088 0.000000 0.000959 0.000000 0.001374 0 -0.000331
148.000000000 0.000000 0.000000 0.994566 0.000001 0.000471 0.002882 0.000096 0.000000 0.000913 0.000000 0.001402 0 -0.000331
149.000000000 0.000000 0.000000 0.994610 0.000001 0.000463 0.002856 0.000105 0.000000 0.000867 0.000000 0.001430 0 -0.000331
150.000000000 0.000000 0.000000 0.994655 0.000001 0.000454 0.002829 0.000114 0.000000 0.000822 0.000000 0.001457 0 -0.000331
151.000000000 0.000000 0.000000 0.994701 0.000000 0.000445 0.002800 0.000123 0.000000 0.000777 0.000000 0.001484 0 -0.000331
152.000000000 0.000000 0.000000 0.994749 0.000000 0.000436 0.002771 0.000133 0.000000 0.000733 0.000000 0.001510 0 -0.000331
153.000000000 0.000000 0.000000 0.994796 0.000000 0.000427 0.002740 0.000142 0.000000 0.000690 0.000000 0.001535 0 -0.000331
154.000000000 0.000000 0.000000 0.994846 0.000000 0.000417 0.002709 0.000152 0.000000 0.000647 0.000000 0.001560 0 -0.000331
155.000000000 0.000000 0.000000 0.994896 0.000000 0.000408 0.002676 0.000162 0.000000 0.000605 0.000000 0.001585 0 -0.000331
156.000000000 0.000000 0.000000 0.994946 0.000000 0.000398 0.002642 0.000172 0.000000 0.000564 0.000000 0.001609 0 -0.000331
157.000000000 0.000000 0.000000 0.994998 0.000000 0.000388 0.002607 0.000182 0.000000 0.000524 0.000000 0.001632 0 -0.000331
158.000000000 0.000000 0.000000 0.995050 0.000000 0.000379 0.002571 0.000192 0.000000 0.000485 0.000000 0.001654 0 -0.000331
159.000000000 0.000000 0.000000 0.995103 0.000000 0.000369 0.002534 0.000203 0.000000 0.000446 0.000000 0.001676 0 -0.000331
160.000000000 0.000000 0.000000 0.995157 0.000000 0.000359 0.002496 0.000213 0.000000 0.000409 0.000000 0.001698 0 -0.000331
161.000000000 0.000000 0.000000 0.995211 0.000000 0.000349 0.002457 0.000224 0.000000 0.000372 0.000000 0.001718 0 -0.000331
162.000000000 0.000000 0.000000 0.995266 0.000000 0.000339 0.002417 0.000235 0.000000 0.000337 0.000000 0.001738 0 -0.000331
163.000000000 0.000000 0.000000 0.995322 0.000000 0.000329 0.002376 0.000245 0.000000 0.000302 0.000000 0.001757 0 -0.000331
164.000000000 0.000000 0.000000 0.995378 0.000000 0.000319 0.002334 0.000256 0.000000 0.000268 0.000000 0.001776 0 -0.000331
165.000000000 0.000000 0.000000 0.995434 0.000000 0.000308 0.002292 0.000267 0.000000 0.000236 0.000000 0.001793 0 -0.000331
166.000000000 0.000000 0.000000 0.995490 0.000000 0.000298 0.002249 0.000278 0.000000 0.000206 0.000000 0.001810 0 -0.000331
167.000000000 0.000000 0.000000 0.995546 0.000000 0.000288 0.002205 0.000289 0.000000 0.000177 0.000000 0.001826 0 -0.000331
168.000000000 0.000000 0.000000 0.995601 0.000000 0.000278 0.002160 0.000300 0.000000 0.000150 0.000000 0.001842 0 -0.000331
169.000000000 0.000000 0.000000 0.995657 0.000000 0.000268 0.002115 0.000311 0.000000 0.000124 0.000000 0.001856 0 -0.000331
170.000000000 0.000000 0.000000 0.995712 0.000000 0.000258 0.002069 0.000322 0.000000 0.000100 0.000000 0.001870 0 -0.000331
171.000000000 0.000000 0.000000 0.995767 0.000000 0.000247 0.002023 0.000334 0.000000 0.000077 0.000000 0.001883 0 -0.000331
172.000000000 0.000000 0.000000 0.995820 0.000000 0.000237 0.001976 0.000345 0.000000 0.000059 0.000000 0.001895 0 -0.000331
173.000000000 0.000000 0.000000 0.995871 0.000000 0.000227 0.001928 0.000356 0.000000 0.000043 0.000000 0.001906 0 -0.000331
174.000000000 0.000000 0.000000 0.995921 0.000000 0.000217 0.001880 0.000367 0.000000 0.000029 0.000000 0.001916 0 -0.000331
175.000000000 0.000000 0.000000 0.995970 0.000000 0.000208 0.001832 0.000378 0.000000 0.000019 0.000000 0.001926 0 -0.000331
176.000000000 0.000000 0.000000 0.996017 0.000000 0.000198 0.001783 0.000389 0.000000 0.000011 0.000000 0.001935 0 -0.000331
177.000000000 0.000000 0.000000 0.996062 0.000000 0.000188 0.001734 0.000399 0.000000 0.000005 0.000000 0.001942 0 -0.000331
178.000000000 0.000000 0.000000 0.996107 0.000000 0.000178 0.001684 0.000410 0.000000 0.000002 0.000000 0.001949 0 -0.000331
179.000000000 0.000000 0.000000 0.996151 0.000000 0.000169 0.001635 0.000421 0.000000 0.000000 0.000000 0.001955 0 -0.000331
180.000000000 0.000000 0.000000 0.996194 0.000000 0.000160 0.001585 0.000432 0.000000 0.000000 0.000000 0.001961 0 -0.000331
181.000000000 0.000000 0.000000 0.996239 0.000000 0.000150 0.001535 0.000442 0.000000 0.000000 0.000000 0.001965 0 -0.000331
182.000000000 0.000000 0.000000 0.996284 0.000000 0.000141 0.001485 0.000452 0.000000 0.000000 0.000000 0.001968 0 -0.000331
183.000000000 0.000000 0.000000 0.996330 0.000000 0.000132 0.001435 0.000463 0.000000 0.000000 0.000000 0.001971 0 -0.000331
184.000000000 0.000000 0.000000 0.996377 0.000000 0.000124 0.001385 0.000473 0.000000 0.000000 0.000000 0.001972 0 -0.000331
185.000000000 0.000000 0.000000 0.996425 0.000000 0.000115 0.001335 0.000483 0.000000 0.000000 0.000000 0.001973 0 -0.000331
186.000000000 0.000000 0.000000 0.996474 0.000000 0.000107 0.001285 0.000493 0.000000 0.000000 0.000000 0.001973 0 -0.000331
187.000000000 0.000000 0.000000 0.996523 0.000000 0.000098 0.001235 0.000502 0.000000 0.000000 0.000000 0.001972 0 -0.000331
188.000000000 0.000000 0.000000 0.996574 0.000000 0.000090 0.001186 0.000512 0.000000 0.000000 0.000000 0.001970 0 -0.000331
189.000000000 0.000000 0.000000 0.996624 0.000000 0.000082 0.001136 0.000521 0.000000 0.000000 0.000000 0.001967 0 -0.000331
190.000000000 0.000000 0.000000 0.996675 0.000000 0.000075 0.001087 0.000530 0.000000 0.000000 0.000000 0.001963 0 -0.000331
191.000000000 0.000000 0.000000 0.996727 0.000000 0.000067 0.001039 0.000539 0.000000 0.000000 0.000000 0.001959 0 -0.000331
192.000000000 0.000000 0.000000 0.996779 0.000000 0.000060 0.000990 0.000548 0.000000 0.000000 0.000000 0.001953 0 -0.000331
193.000000000 0.000000 0.000000 0.996832 0.000000 0.000053 0.000943 0.000557 0.000000 0.000000 0.000000 0.001947 0 -0.000331
194.000000000 0.000000 0.000000 0.996885 0.000000 0.000046 0.000895 0.000565 0.000000 0.000000 0.000000 0.001939 0 -0.000331
195.000000000 0.000000 0.000000 0.996939 0.000000 0.000040 0.000848 0.000573 0.000000 0.000000 0.000000 0.001931 0 -0.000331
196.000000000 0.000000 0.000000 0.996992 0.000000 0.000033 0.000802 0.000581 0.000000 0.000000 0.000000 0.001922 0 -0.000331
197.000000000 0.000000 0.000000 0.997046 0.000000 0.000028 0.000757 0.000589 0.000000 0.000000 0.000000 0.001912 0 -0.000331
198.000000000 0.000000 0.000000 0.997098 0.000000 0.000023 0.000712 0.000596 0.000000 0.000000 0.000000 0.001902 0 -0.000331
199.000000000 0.000000 0.000000 0.997152 0.000000 0.000019 0.000667 0.000603 0.000000 0.000000 0.000000 0.001890 0 -0.000331
200.000000000 0.000000 0.000000 0.997205 0.000000 0.000014 0.000624 0.000610 0.000000 0.000000 0.000000 0.001878 0 -0.000331
201.000000000 0.000000 0.000000 0.997259 0.000000 0.000009 0.000581 0.000617 0.000000 0.000000 0.000000 0.001865 0 -0.000331
202.000000000 0.000000 0.000000 0.997312 0.000000 0.000005 0.000540 0.000624 0.000000 0.000000 0.000000 0.001851 0 -0.000331
203.000000000 0.000000 0.000000 0.997364 0.000000 0.000003 0.000499 0.000630 0.000000 0.000000 0.000000 0.001836 0 -0.000331
204.000000000 0.000000 0.000000 0.997416 0.000000 0.000001 0.000459 0.000636 0.000000 0.000000 0.000000 0.001820 0 -0.000331
205.000000000 0.000000 0.000000 0.997466 0.000000 0.000000 0.000420 0.000641 0.000000 0.000000 0.000000 0.001804 0 -0.000331
206.000000000 0.000000 0.000000 0.997515 0.000000 0.000000 0.000383 0.000647 0.000000 0.000000 0.000000 0.001787 0 -0.000331
207.000000000 0.000000 0.000000 0.997565 0.000000 0.000000 0.000346 0.000652 0.000000 0.000000 0.000000 0.001769 0 -0.000331
208.000000000 0.000000 0.000000 0.997615 0.000000 0.000000 0.000309 0.000657 0.000000 0.000000 0.000000 0.001750 0 -0.000331
209.000000000 0.000000 0.000000 0.997665 0.000000 0.000000 0.000275 0.000661 0.000000 0.000000 0.000000 0.001730 0 -0.000331
210.000000000 0.000000 0.000000 0.997714 0.000000 0.000000 0.000242 0.000665 0.000000 0.000000 0.000000 0.001710 0 -0.000331
211.000000000 0.000000 0.000000 0.997762 0.000000 0.000000 0.000210 0.000669 0.000000 0.000000 0.000000 0.001689 0 -0.000331
212.000000000 0.000000 0.000000 0.997810 0.000000 0.000000 0.000181 0.000673 0.000000 0.000000 0.000000 0.001668 0 -0.000331
213.000000000 0.000000 0.000000 0.997857 0.000000 0.000000 0.000152 0.000676 0.000000 0.000000 0.000000 0.001646 0 -0.000331
214.000000000 0.000000 0.000000 0.997903 0.000000 0.000000 0.000126 0.000679 0.000000 0.000000 0.000000 0.001623 0 -0.000331
215.000000000 0.000000 0.000000 0.997949 0.000000 0.000000 0.000101 0.000682 0.000000 0.000000 0.000000 0.001599 0 -0.000331
216.000000000 0.000000 0.000000 0.997993 0.000000 0.000000 0.000078 0.000684 0.000000 0.000000 0.000000 0.001575 0 -0.000331
217.000000000 0.000000 0.000000 0.998035 0.000000 0.000000 0.000059 0.000687 0.000000 0.000000 0.000000 0.001551 0 -0.000331
218.000000000 0.000000 0.000000 0.998074 0.000000 0.000000 0.000043 0.000688 0.000000 0.000000 0.000000 0.001525 0 -0.000331
219.000000000 0.000000 0.000000 0.998112 0.000000 0.000000 0.000030 0.000690 0.000000 0.000000 0.000000 0.001500 0 -0.000331
220.000000000 0.000000 0.000000 0.998148 0.000000 0.000000 0.000019 0.000691 0.000000 0.000000 0.000000 0.001473 0 -0.000331
221.000000000 0.000000 0.000000 0.998182 0.000000 0.000000 0.000011 0.000692 0.000000 0.000000 0.000000 0.001446 0 -0.000331
222.000000000 0.000000 0.000000 0.998215 0.000000 0.000000 0.000005 0.000692 0.000000 0.000000 0.000000 0.001419 0 -0.000331
223.000000000 0.000000 0.000000 0.998246 0.000000 0.000000 0.000002 0.000693 0.000000 0.000000 0.000000 0.001391 0 -0.000331
224.000000000 0.000000 0.000000 0.998276 0.000000 0.000000 0.000000 0.000693 0.000000 0.000000 0.000000 0.001363 0 -0.000331
225.000000000 0.000000 0.000000 0.998305 0.000000 0.000000 0.000000 0.000692 0.000000 0.000000 0.000000 0.001334 0 -0.000331
226.000000000 0.000000 0.000000 0.998335 0.000000 0.000000 0.000000 0.000691 0.000000 0.000000 0.000000 0.001305 0 -0.000331
227.000000000 0.000000 0.000000 0.998365 0.000000 0.000000 0.000000 0.000690 0.000000 0.000000 0.000000 0.001276 0 -0.000331
228.000000000 0.000000 0.000000 0.998396 0.000000 0.000000 0.000000 0.000689 0.000000 0.000000 0.000000 0.001246 0 -0.000331
229.000000000 0.000000 0.000000 0.998428 0.000000 0.000000 0.000000 0.000687 0.000000 0.000000 0.000000 0.001216 0 -0.000331
230.000000000 0.000000 0.000000 0.998460 0.000000 0.000000 0.000000 0.000685 0.000000 0.000000 0.000000 0.001186 0 -0.000331
231.000000000 0.000000 0.000000 0.998493 0.000000 0.000000 0.000000 0.000683 0.000000 0.000000 0.000000 0.001155 0 -0.000331
232.000000000 0.000000 0.000000 0.998527 0.000000 0.000000 0.000000 0.000681 0.000000 0.000000 0.000000 0.001124 0 -0.000331
233.000000000 0.000000 0.000000 0.998561 0.000000 0.000000 0.000000 0.000678 0.000000 0.000000 0.000000 0.001093 0 -0.000331
234.000000000 0.000000 0.000000 0.998595 0.000000 0.000000 0.000000 0.000675 0.000000 0.000000 0.000000 0.001062 0 -0.000331
235.000000000 0.000000 0.000000 0.998630 0.000000 0.000000 0.000000 0.000671 0.000000 0.000000 0.000000 0.001030 0 -0.000331
236.000000000 0.000000 0.000000 0.998665 0.000000 0.000000 0.000000 0.000667 0.000000 0.000000 0.000000 0.000999 0 -0.000331
237.000000000 0.000000 0.000000 0.998701 0.000000 0.000000 0.000000 0.000663 0.000000 0.000000 0.000000 0.000967 0 -0.000331
238.000000000 0.000000 0.000000 0.998737 0.000000 0.000000 0.000000 0.000659 0.000000 0.000000 0.000000 0.000936 0 -0.000331
239.000000000 0.000000 0.000000 0.998773 0.000000 0.000000 0.000000 0.000654 0.000000 0.000000 0.000000 0.000904 0 -0.000331
240.000000000 0.000000 0.000000 0.998810 0.000000 0.000000 0.000000 0.000649 0.000000 0.000000 0.000000 0.000872 0 -0.000331
241.000000000 0.000000 0.000000 0.998847 0.000000 0.000000 0.000000 0.000644 0.000000 0.000000 0.000000 0.000841 0 -0.000331
242.000000000 0.000000 0.000000 0.998884 0.000000 0.000000 0.000000 0.000638 0.000000 0.000000 0.000000 0.000809 0 -0.000331
243.000000000 0.000000 0.000000 0.998921 0.000000 0.000000 0.000000 0.000633 0.000000 0.000000 0.000000 0.000778 0 -0.000331
244.000000000 0.000000 0.000000 0.998958 0.000000 0.000000 0.000000 0.000627 0.000000 0.000000 0.000000 0.000746 0 -0.000331
245.000000000 0.000000 0.000000 0.998996 0.000000 0.000000 0.000000 0.000620 0.000000 0.000000 0.000000 0.000715 0 -0.000331
246.000000000 0.000000 0.000000 0.999033 0.000000 0.000000 0.000000 0.000614 0.000000 0.000000 0.000000 0.000684 0 -0.000331
247.000000000 0.000000 0.000000 0.999071 0.000000 0.000000 0.000000 0.000607 0.000000 0.000000 0.000000 0.000653 0 -0.000331
248.000000000 0.000000 0.000000 0.999109 0.000000 0.000000 0.000000 0.000600 0.000000 0.000000 0.000000 0.000623 0 -0.000331
249.000000000 0.000000 0.000000 0.999146 0.000000 0.000000 0.000000 0.000592 0.000000 0.000000 0.000000 0.000593 0 -0.000331
250.000000000 0.000000 0.000000 0.999184 0.000000 0.000000 0.000000 0.000585 0.000000 0.000000 0.000000 0.000563 0 -0.000331
251.000000000 0.000000 0.000000 0.999221 0.000000 0.000000 0.000000 0.000577 0.000000 0.000000 0.000000 0.000533 0 -0.000331
252.000000000 0.000000 0.000000 0.999259 0.000000 0.000000 0.000000 0.000569 0.000000 0.000000 0.000000 0.000504 0 -0.000331
253.000000000 0.000000 0.000000 0.999295 0.000000 0.000000 0.000000 0.000561 0.000000 0.000000 0.000000 0.000475 0 -0.000331
254.000000000 0.000000 0.000000 0.999332 0.000000 0.000000 0.000000 0.000552 0.000000 0.000000 0.000000 0.000447 0 -0.000331
255.000000000 0.000000 0.000000 0.999369 0.000000 0.000000 0.000000 0.000543 0.000000 0.000000 0.000000 0.000419 0 -0.000331
256.000000000 0.000000 0.000000 0.999405 0.000000 0.000000 0.000000 0.000535 0.000000 0.000000 0.000000 0.000391 0 -0.000331
257.000000000 0.000000 0.000000 0.999441 0.000000 0.000000 0.000000 0.000526 0.000000 0.000000 0.000000 0.000365 0 -0.000331
258.000000000 0.000000 0.000000 0.999477 0.000000 0.000000 0.000000 0.000516 0.000000 0.000000 0.000000 0.000338 0 -0.000331
259.000000000 0.000000 0.000000 0.999512 0.000000 0.000000 0.000000 0.000507 0.000000 0.000000 0.000000 0.000312 0 -0.000331
260.000000000 0.000000 0.000000 0.999547 0.000000 0.000000 0.000000 0.000497 0.000000 0.000000 0.000000 0.000287 0 -0.000331
261.000000000 0.000000 0.000000 0.999581 0.000000 0.000000 0.000000 0.000487 0.000000 0.000000 0.000000 0.000262 0 -0.000331
262.000000000 0.000000 0.000000 0.999615 0.000000 0.000000 0.000000 0.000478 0.000000 0.000000 0.000000 0.000239 0 -0.000331
263.000000000 0.000000 0.000000 0.999648 0.000000 0.000000 0.000000 0.000467 0.000000 0.000000 0.000000 0.000216 0 -0.000331
264.000000000 0.000000 0.000000 0.999681 0.000000 0.000000 0.000000 0.000457 0.000000 0.000000 0.000000 0.000193 0 -0.000331
265.000000000 0.000000 0.000000 0.999714 0.000000 0.000000 0.000000 0.000447 0.000000 0.000000 0.000000 0.000171 0 -0.000331
266.000000000 0.000000 0.000000 0.999745 0.000000 0.000000 0.000000 0.000436 0.000000 0.000000 0.000000 0.000150 0 -0.000331
267.000000000 0.000000 0.000000 0.999776 0.000000 0.000000 0.000000 0.000426 0.000000 0.000000 0.000000 0.000130 0 -0.000331
268.000000000 0.000000 0.000000 0.999805 0.000000 0.000000 0.000000 0.000415 0.000000 0.000000 0.000000 0.000111 0 -0.000331
269.000000000 0.000000 0.000000 0.999833 0.000000 0.000000 0.000000 0.000405 0.000000 0.000000 0.000000 0.000093 0 -0.000331
270.000000000 0.000000 0.000000 0.999861 0.000000 0.000000 0.000000 0.000394 0.000000 0.000000 0.000000 0.000077 0 -0.000331
271.000000000 0.000000 0.000000 0.999888 0.000000 0.000000 0.000000 0.000383 0.000000 0.000000 0.000000 0.000061 0 -0.000331
272.000000000 0.000000 0.000000 0.999913 0.000000 0.000000 0.000000 0.000372 0.000000 0.000000 0.000000 0.000047 0 -0.000331
273.000000000 0.000000 0.000000 0.999935 0.000000 0.000000 0.000000 0.000361 0.000000 0.000000 0.000001 0.000034 0 -0.000331
274.000000000 0.000000 0.000000 0.999955 0.000000 0.000000 0.000000 0.000350 0.000000 0.000000 0.000002 0.000024 0 -0.000331
275.000000000 0.000000 0.000000 0.999972 0.000000 0.000000 0.000000 0.000339 0.000000 0.000000 0.000006 0.000015 0 -0.000331
276.000000000 0.000000 0.000000 0.999985 0.000000 0.000000 0.000000 0.000328 0.000000 0.000000 0.000011 0.000008 0 -0.000331
277.000000000 0.000000 0.000000 0.999993 0.000000 0.000000 0.000000 0.000317 0.000000 0.000000 0.000017 0.000004 0 -0.000331
278.000000000 0.000000 0.000000 0.999998 0.000000 0.000000 0.000000 0.000306 0.000000 0.000000 0.000026 0.000001 0 -0.000331
279.000000000 0.000000 0.000000 1.000000 0.000000 0.000000 0.000000 0.000294 0.000000 0.000000 0.000037 0.000000 0 -0.000331
280.000000000 0.000000 0.000000 0.999999 0.000000 0.000000 0.000000 0.000283 0.000000 0.000000 0.000049 0.000000 0 -0.000331
281.000000000 0.000000 0.000000 0.999994 0.000000 0.000000 0.000000 0.000272 0.000002 0.000000 0.000063 0.000000 0 -0.000331
282.000000000 0.000000 0.000000 0.999987 0.000000 0.000000 0.000000 0.000261 0.000003 0.000000 0.000079 0.000000 0 -0.000331
283.000000000 0.000000 0.000000 0.999978 0.000000 0.000000 0.000000 0.000251 0.000005 0.000000 0.000098 0.000000 0 -0.000331
284.000000000 0.000000 0.000000 0.999967 0.000000 0.000000 0.000000 0.000240 0.000007 0.000000 0.000117 0.000000 0 -0.000331
285.000000000 0.000000 0.000000 0.999956 0.000000 0.000000 0.000000 0.000229 0.000010 0.000000 0.000137 0.000000 0 -0.000331
286.000000000 0.000000 0.000000 0.999944 0.000000 0.000000 0.000000 0.000218 0.000012 0.000000 0.000158 0.000000 0 -0.000331
287.000000000 0.000000 0.000000 0.999930 0.000000 0.000000 0.000000 0.000208 0.000014 0.000000 0.000180 0.000000 0 -0.000331
288.000000000 0.000000 0.000000 0.999914 0.000000 0.000000 0.000000 0.000197 0.000017 0.000000 0.000203 0.000000 0 -0.000331
289.000000000 0.000000 0.000000 0.999897 0.000000 0.000000 0.000000 0.000187 0.000020 0.000000 0.000228 0.000000 0 -0.000331
290.000000000 0.000000 0.000000 0.999879 0.000000 0.000000 0.000000 0.000176 0.000023 0.000000 0.000253 0.000000 0 -0.000331
291.000000000 0.000000 0.000000 0.999860 0.000000 0.000000 0.000000 0.000166 0.000026 0.000000 0.000279 0.000000 0 -0.000331
292.000000000 0.000000 0.000000 0.999839 0.000000 0.000000 0.000000 0.000156 0.000029 0.000000 0.000306 0.000000 0 -0.000331
293.000000000 0.000000 0.000000 0.999819 0.000000 0.000000 0.000000 0.000147 0.000033 0.000000 0.000333 0.000000 0 -0.000331
294.000000000 0.000000 0.000000 0.999797 0.000000 0.000000 0.000000 0.000137 0.000036 0.000000 0.000361 0.000000 0 -0.000331
295.000000000 0.000000 0.000000 0.999775 0.000000 0.000000 0.000000 0.000128 0.000039 0.000000 0.000390 0.000000 0 -0.000331
296.000000000 0.000000 0.000000 0.999750 0.000000 0.000000 0.000000 0.000118 0.000043 0.000000 0.000419 0.000000 0 -0.000331
297.000000000 0.000000 0.000000 0.999727 0.000000 0.000000 0.000000 0.000109 0.000047 0.000000 0.000448 0.000000 0 -0.000331
298.000000000 0.000000 0.000000 0.999701 0.000000 0.000000 0.000000 0.000100 0.000051 0.000000 0.000479 0.000000 0 -0.000331
299.000000000 0.000000 0.000000 0.999675 0.000000 0.000000 0.000000 0.000092 0.000055 0.000000 0.000510 0.000000 0 -0.000331
300.000000000 0.000000 0.000000 0.999649 0.000000 0.000000 0.000000 0.000083 0.000059 0.000000 0.000541 0.000000 0 -0.000331
301.000000000 0.000000 0.000000 0.999621 0.000000 0.000000 0.000000 0.000075 0.000063 0.000000 0.000572 0.000000 0 -0.000331
302.000000000 0.000000 0.000000 0.999592 0.000000 0.000000 0.000000 0.000068 0.000067 0.000000 0.000604 0.000000 0 -0.000331
303.000000000 0.000000 0.000000 0.999564 0.000000 0.000000 0.000000 0.000060 0.000071 0.000000 0.000637 0.000000 0 -0.000331
304.000000000 0.000000 0.000000 0.999534 0.000000 0.000000 0.000000 0.000052 0.000075 0.000000 0.000670 0.000000 0 -0.000331
305.000000000 0.000000 0.000000 0.999504 0.000000 0.000000 0.000000 0.000045 0.000080 0.000000 0.000702 0.000000 0 -0.000331
306.000000000 0.000000 0.000000 0.999473 0.000000 0.000000 0.000000 0.000038 0.000084 0.000000 0.000736 0.000000 0 -0.000331
307.000000000 0.000000 0.000000 0.999442 0.000000 0.000000 0.000000 0.000032 0.000088 0.000000 0.000769 0.000000 0 -0.000331
308.000000000 0.000000 0.000000 0.999408 0.000000 0.000000 0.000000 0.000027 0.000093 0.000000 0.000803 0.000000 0 -0.000331
309.000000000 0.000000 0.000000 0.999375 0.000000 0.000000 0.000000 0.000021 0.000097 0.000000 0.000837 0.000000 0 -0.000331
310.000000000 0.000000 0.000000 0.999341 0.000000 0.000000 0.000000 0.000016 0.000102 0.000000 0.000871 0.000000 0 -0.000331
311.000000000 0.000000 0.000000 0.999308 0.000000 0.000000 0.000000 0.000011 0.000107 0.000000 0.000906 0.000000 0 -0.000331
312.000000000 0.000000 0.000000 0.999273 0.000000 0.000000 0.000000 0.000007 0.000111 0.000000 0.000940 0.000000 0 -0.000331
313.000000000 0.000000 0.000000 0.999238 0.000000 0.000000 0.000000 0.000004 0.000116 0.000000 0.000974 0.000000 0 -0.000331
314.000000000 0.000000 0.000000 0.999201 0.000000 0.000000 0.000000 0.000001 0.000120 0.000000 0.001009 0.000000 0 -0.000331
315.000000000 0.000000 0.000000 0.999163 0.000000 0.000000 0.000000 0.000000 0.000125 0.000000 0.001043 0.000000 0 -0.000331
316.000000000 0.000000 0.000000 0.999124 0.000000 0.000000 0.000000 0.000000 0.000130 0.000000 0.001078 0.000000 0 -0.000331
317.000000000 0.000000 0.000000 0.999085 0.000000 0.000000 0.000000 0.000000 0.000134 0.000000 0.001112 0.000000 0 -0.000331
318.000000000 0.000000 0.000000 0.999046 0.000000 0.000000 0.000000 0.000000 0.000139 0.000000 0.001146 0.000000 0 -0.000331
319.000000000 0.000000 0.000000 0.999007 0.000000 0.000000 0.000000 0.000000 0.000144 0.000000 0.001180 0.000000 0 -0.000331
320.000000000 0.000000 0.000000 0.998969 0.000000 0.000000 0.000000 0.000000 0.000148 0.000000 0.001214 0.000000 0 -0.000331
321.000000000 0.000000 0.000000 0.998930 0.000000 0.000000 0.000000 0.000000 0.000153 0.000000 0.001248 0.000000 0 -0.000331
322.000000000 0.000000 0.000000 0.998892 0.000000 0.000000 0.000000 0.000000 0.000158 0.000000 0.001281 0.000000 0 -0.000331
323.000000000 0.000000 0.000000 0.998855 0.000000 0.000000 0.000000 0.000000 0.000162 0.000000 0.001314 0.000000 0 -0.000331
324.000000000 0.000000 0.000000 0.998817 0.000000 0.000000 0.000000 0.000000 0.000167 0.000000 0.001347 0.000000 0 -0.000331
325.000000000 0.000000 0.000000 0.998780 0.000000 0.000000 0.000000 0.000000 0.000171 0.000000 0.001380 0.000000 0 -0.000331
326.000000000 0.000000 0.000000 0.998743 0.000000 0.000000 0.000000 0.000000 0.000176 0.000000 0.001412 0.000000 0 -0.000331
327.000000000 0.000000 0.000000 0.998707 0.000000 0.000000 0.000000 0.000000 0.000180 0.000000 0.001444 0.000000 0 -0.000331
328.000000000 0.000000 0.000000 0.998671 0.000000 0.000000 0.000000 0.000000 0.000185 0.000000 0.001476 0.000000 0 -0.000331
329.000000000 0.000000 0.000000 0.998635 0.000000 0.000000 0.000000 0.000000 0.000189 0.000000 0.001507 0.000000 0 -0.000331
330.000000000 0.000000 0.000000 0.998600 0.000000 0.000000 0.000000 0.000000 0.000193 0.000000 0.001537 0.000000 0 -0.000331
331.000000000 0.000000 0.000000 0.998566 0.000000 0.000000 0.000000 0.000000 0.000198 0.000000 0.001568 0.000000 0 -0.000331
332.000000000 0.000000 0.000000 0.998532 0.000000 0.000000 0.000000 0.000000 0.000202 0.000000 0.001597 0.000000 0 -0.000331
333.000000000 0.000000 0.000000 0.998499 0.000000 0.000000 0.000000 0.000000 0.000206 0.000000 0.001626 0.000000 0 -0.000331
334.000000000 0.000000 0.000000 0.998466 0.000000 0.000000 0.000000 0.000000 0.000210 0.000000 0.001655 0.000000 0 -0.000331
335.000000000 0.000000 0.000000 0.998434 0.000000 0.000000 0.000000 0.000000 0.000214 0.000000 0.001683 0.000000 0 -0.000331
336.000000000 0.000000 0.000000 0.998403 0.000000 0.000000 0.000000 0.000000 0.000218 0.000000 0.001710 0.000000 0 -0.000331
337.000000000 0.000000 0.000000 0.998372 0.000000 0.000000 0.000000 0.000000 0.000222 0.000000 0.001737 0.000000 0 -0.000331
338.000000000 0.000000 0.000000 0.998343 0.000000 0.000000 0.000000 0.000000 0.000226 0.000000 0.001763 0.000000 0 -0.000331
339.000000000 0.000000 0.000000 0.998313 0.000000 0.000000 0.000000 0.000000 0.000229 0.000000 0.001788 0.000000 0 -0.000331
340.000000000 0.000000 0.000000 0.998285 0.000000 0.000000 0.000000 0.000000 0.000233 0.000000 0.001813 0.000000 0 -0.000331
341.000000000 0.000000 0.000000 0.998258 0.000000 0.000000 0.000000 0.000000 0.000236 0.000000 0.001837 0.000000 0 -0.000331
342.000000000 0.000000 0.000000 0.998231 0.000000 0.000000 0.000000 0.000000 0.000240 0.000000 0.001860 0.000000 0 -0.000331
343.000000000 0.000000 0.000000 0.998205 0.000000 0.000000 0.000000 0.000000 0.000243 0.000000 0.001883 0.000000 0 -0.000331
344.000000000 0.000000 0.000000 0.998180 0.000000 0.000000 0.000000 0.000000 0.000246 0.000000 0.001905 0.000000 0 -0.000331
345.000000000 0.000000 0.000000 0.998156 0.000000 0.000000 0.000000 0.000000 0.000250 0.000000 0.001926 0.000000 0 -0.000331
346.000000000 0.000000 0.000000 0.998133 0.000000 0.000000 0.000000 0.000000 0.000253 0.000000 0.001946 0.000000 0 -0.000331
347.000000000 0.000000 0.000000 0.998110 0.000000 0.000000 0.000000 0.000000 0.000256 0.000000 0.001965 0.000000 0 -0.000331
348.000000000 0.000000 0.000000 0.998089 0.000000 0.000000 0.000000 0.000000 0.000258 0.000000 0.001984 0.000000 0 -0.000331
349.000000000 0.000000 0.000000 0.998068 0.000000 0.000000 0.000000 0.000000 0.000261 0.000000 0.002001 0.000000 0 -0.000331
350.000000000 0.000000 0.000000 0.998049 0.000000 0.000000 0.000000 0.000000 0.000264 0.000000 0.002018 0.000000 0 -0.000331
351.000000000 0.000000 0.000000 0.998029 0.000000 0.000000 0.000000 0.000000 0.000266 0.000001 0.002034 0.000000 0 -0.000331
352.000000000 0.000000 0.000000 0.998008 0.000000 0.000000 0.000000 0.000000 0.000269 0.000005 0.002049 0.000000 0 -0.000331
353.000000000 0.000000 0.000000 0.997986 0.000000 0.000000 0.000000 0.000000 0.000271 0.000010 0.002063 0.000000 0 -0.000331
354.000000000 0.000000 0.000000 0.997963 0.000000 0.000000 0.000000 0.000000 0.000273 0.000018 0.002077 0.000000 0 -0.000331
355.000000000 0.000000 0.000000 0.997938 0.000000 0.000000 0.000000 0.000000 0.000275 0.000029 0.002089 0.000000 0 -0.000331
356.000000000 0.000000 0.000000 0.997911 0.000001 0.000000 0.000000 0.000000 0.000277 0.000042 0.002100 0.000000 0 -0.000331
357.000000000 0.000000 0.000000 0.997883 0.000001 0.000000 0.000000 0.000000 0.000279 0.000058 0.002111 0.000000 0 -0.000331
358.000000000 0.000000 0.000000 0.997853 0.000001 0.000000 0.000000 0.000000 0.000280 0.000077 0.002120 0.000000 0 -0.000331
359.000000000 0.000000 0.000000 0.997821 0.000001 0.000000 0.000000 0.000000 0.000282 0.000099 0.002129 0.000000 0 -0.000331
