0.000000000 0.000000 0.000000 0.991529 0.008471 0.000000 0 0.000000
1.000000000 0.000000 0.000000 0.991649 0.008351 0.000000 0 0.000000
2.000000000 0.000000 0.000000 0.991773 0.008227 0.000000 0 0.000000
3.000000000 0.000000 0.000000 0.991899 0.008101 0.000000 0 0.000000
4.000000000 0.000000 0.000000 0.992029 0.007971 0.000000 0 0.000000
5.000000000 0.000000 0.000000 0.992161 0.007839 0.000000 0 0.000000
6.000000000 0.000000 0.000000 0.992296 0.007704 0.000000 0 0.000000
7.000000000 0.000000 0.000000 0.992433 0.007567 0.000000 0 0.000000
8.000000000 0.000000 0.000000 0.992573 0.007427 0.000000 0 0.000000
9.000000000 0.000000 0.000000 0.992715 0.007285 0.000000 0 0.000000
10.000000000 0.000000 0.000000 0.992859 0.007141 0.000000 0 0.000000
11.000000000 0.000000 0.000000 0.993006 0.006994 0.000000 0 0.000000
12.000000000 0.000000 0.000000 0.993154 0.006846 0.000000 0 0.000000
13.000000000 0.000000 0.000000 0.993304 0.006696 0.000000 0 0.000000
14.000000000 0.000000 0.000000 0.993456 0.006544 0.000000 0 0.000000
15.000000000 0.000000 0.000000 0.993609 0.006391 0.000000 0 0.000000
16.000000000 0.000000 0.000000 0.993764 0.006236 0.000000 0 0.000000
17.000000000 0.000000 0.000000 0.993920 0.006080 0.000000 0 0.000000
18.000000000 0.000000 0.000000 0.994077 0.005923 0.000000 0 0.000000
19.000000000 0.000000 0.000000 0.994235 0.005765 0.000000 0 0.000000
20.000000000 0.000000 0.000000 0.994394 0.005606 0.000000 0 0.000000
21.000000000 0.000000 0.000000 0.994554 0.005446 0.000000 0 0.000000
22.000000000 0.000000 0.000000 0.994714 0.005286 0.000000 0 0.000000
23.000000000 0.000000 0.000000 0.994875 0.005125 0.000000 0 0.000000
24.000000000 0.000000 0.000000 0.995036 0.004964 0.000000 0 0.000000
25.000000000 0.000000 0.000000 0.995196 0.004804 0.000000 0 0.000000
26.000000000 0.000000 0.000000 0.995358 0.004642 0.000000 0 0.000000
27.000000000 0.000000 0.000000 0.995519 0.004481 0.000000 0 0.000000
28.000000000 0.000000 0.000000 0.995679 0.004321 0.000000 0 0.000000
29.000000000 0.000000 0.000000 0.995840 0.004160 0.000000 0 0.000000
30.000000000 0.000000 0.000000 0.995999 0.004001 0.000000 0 0.000000
31.000000000 0.000000 0.000000 0.996158 0.003842 0.000000 0 0.000000
32.000000000 0.000000 0.000000 0.996316 0.003684 0.000000 0 0.000000
33.000000000 0.000000 0.000000 0.996473 0.003527 0.000000 0 0.000000
34.000000000 0.000000 0.000000 0.996629 0.003371 0.000000 0 0.000000
35.000000000 0.000000 0.000000 0.996784 0.003216 0.000000 0 0.000000
36.000000000 0.000000 0.000000 0.996936 0.003064 0.000000 0 0.000000
37.000000000 0.000000 0.000000 0.997088 0.002912 0.000000 0 0.000000
38.000000000 0.000000 0.000000 0.997238 0.002762 0.000000 0 0.000000
39.000000000 0.000000 0.000000 0.997386 0.002614 0.000000 0 0.000000
40.000000000 0.000000 0.000000 0.997532 0.002468 0.000000 0 0.000000
41.000000000 0.000000 0.000000 0.997676 0.002324 0.000000 0 0.000000
42.000000000 0.000000 0.000000 0.997816 0.002184 0.000000 0 0.000000
43.000000000 0.000000 0.000000 0.997954 0.002046 0.000000 0 0.000000
44.000000000 0.000000 0.000000 0.998089 0.001911 0.000000 0 0.000000
45.000000000 0.000000 0.000000 0.998221 0.001779 0.000000 0 0.000000
46.000000000 0.000000 0.000000 0.998350 0.001650 0.000000 0 0.000000
47.000000000 0.000000 0.000000 0.998476 0.001524 0.000000 0 0.000000
48.000000000 0.000000 0.000000 0.998598 0.001402 0.000000 0 0.000000
49.000000000 0.000000 0.000000 0.998716 0.001284 0.000000 0 0.000000
50.000000000 0.000000 0.000000 0.998829 0.001171 0.000000 0 0.000000
51.000000000 0.000000 0.000000 0.998936 0.001064 0.000000 0 0.000000
52.000000000 0.000000 0.000000 0.999039 0.000961 0.000000 0 0.000000
53.000000000 0.000000 0.000000 0.999135 0.000865 0.000000 0 0.000000
54.000000000 0.000000 0.000000 0.999226 0.000774 0.000000 0 0.000000
55.000000000 0.000000 0.000000 0.999312 0.000688 0.000000 0 0.000000
56.000000000 0.000000 0.000000 0.999392 0.000608 0.000000 0 0.000000
57.000000000 0.000000 0.000000 0.999466 0.000534 0.000000 0 0.000000
58.000000000 0.000000 0.000000 0.999535 0.000465 0.000000 0 0.000000
59.000000000 0.000000 0.000000 0.999597 0.000403 0.000000 0 0.000000
60.000000000 0.000000 0.000000 0.999655 0.000345 0.000000 0 0.000000
61.000000000 0.000000 0.000000 0.999707 0.000293 0.000000 0 0.000000
62.000000000 0.000000 0.000000 0.999754 0.000246 0.000000 0 0.000000
63.000000000 0.000000 0.000000 0.999796 0.000204 0.000000 0 0.000000
64.000000000 0.000000 0.000000 0.999833 0.000167 0.000000 0 0.000000
65.000000000 0.000000 0.000000 0.999866 0.000134 0.000000 0 0.000000
66.000000000 0.000000 0.000000 0.999894 0.000106 0.000000 0 0.000000
67.000000000 0.000000 0.000000 0.999918 0.000082 0.000000 0 0.000000
68.000000000 0.000000 0.000000 0.999938 0.000062 0.000000 0 0.000000
69.000000000 0.000000 0.000000 0.999955 0.000045 0.000000 0 0.000000
70.000000000 0.000000 0.000000 0.999969 0.000031 0.000000 0 0.000000
71.000000000 0.000000 0.000000 0.999980 0.000020 0.000000 0 0.000000
72.000000000 0.000000 0.000000 0.999988 0.000012 0.000000 0 0.000000
73.000000000 0.000000 0.000000 0.999994 0.000006 0.000000 0 0.000000
74.000000000 0.000000 0.000000 0.999998 0.000002 0.000000 0 0.000000
75.000000000 0.000000 0.000000 1.000000 0.000000 0.000000 0 0.000000
76.000000000 0.000000 0.000000 1.000000 0.000000 0.000000 0 0.000000
77.000000000 0.000000 0.000000 1.000000 0.000000 0.000000 0 0.000000
78.000000000 0.000000 0.000000 1.000000 0.000000 0.000000 0 0.000000
79.000000000 0.000000 0.000000 1.000000 0.000000 0.000000 0 0.000000
80.000000000 0.000000 0.000000 1.000000 0.000000 0.000000 0 0.000000
81.000000000 0.000000 0.000000 1.000000 0.000000 0.000000 0 0.000000
82.000000000 0.000000 0.000000 1.000000 0.000000 0.000000 0 0.000000
83.000000000 0.000000 0.000000 1.000000 0.000000 0.000000 0 0.000000
84.000000000 0.000000 0.000000 1.000000 0.000000 0.000000 0 0.000000
85.000000000 0.000000 0.000000 1.000000 0.000000 0.000000 0 0.000000
86.000000000 0.000000 0.000000 0.999998 0.000000 0.000002 0 0.000000
87.000000000 0.000000 0.000000 0.999995 0.000000 0.000005 0 0.000000
88.000000000 0.000000 0.000000 0.999989 0.000000 0.000011 0 0.000000
89.000000000 0.000000 0.000000 0.999980 0.000000 0.000020 0 0.000000
90.000000000 0.000000 0.000000 0.999969 0.000000 0.000031 0 0.000000
91.000000000 0.000000 0.000000 0.999955 0.000000 0.000045 0 0.000000
92.000000000 0.000000 0.000000 0.999937 0.000000 0.000063 0 0.000000
93.000000000 0.000000 0.000000 0.999917 0.000000 0.000083 0 0.000000
94.000000000 0.000000 0.000000 0.999892 0.000000 0.000108 0 0.000000
95.000000000 0.000000 0.000000 0.999864 0.000000 0.000136 0 0.000000
96.000000000 0.000000 0.000000 0.999833 0.000000 0.000167 0 0.000000
97.000000000 0.000000 0.000000 0.999800 0.000000 0.000200 0 0.000000
98.000000000 0.000000 0.000000 0.999766 0.000000 0.000234 0 0.000000
99.000000000 0.000000 0.000000 0.999730 0.000000 0.000270 0 0.000000
100.000000000 0.000000 0.000000 0.999692 0.000000 0.000308 0 0.000000
101.000000000 0.000000 0.000000 0.999652 0.000000 0.000348 0 0.000000
102.000000000 0.000000 0.000000 0.999610 0.000000 0.000390 0 0.000000
103.000000000 0.000000 0.000000 0.999567 0.000000 0.000433 0 0.000000
104.000000000 0.000000 0.000000 0.999522 0.000000 0.000478 0 0.000000
105.000000000 0.000000 0.000000 0.999477 0.000000 0.000523 0 0.000000
106.000000000 0.000000 0.000000 0.999430 0.000000 0.000570 0 0.000000
107.000000000 0.000000 0.000000 0.999382 0.000000 0.000618 0 0.000000
108.000000000 0.000000 0.000000 0.999333 0.000000 0.000667 0 0.000000
109.000000000 0.000000 0.000000 0.999283 0.000000 0.000717 0 0.000000
110.000000000 0.000000 0.000000 0.999232 0.000000 0.000768 0 0.000000
111.000000000 0.000000 0.000000 0.999180 0.000000 0.000820 0 0.000000
112.000000000 0.000000 0.000000 0.999127 0.000000 0.000873 0 0.000000
113.000000000 0.000000 0.000000 0.999073 0.000000 0.000927 0 0.000000
114.000000000 0.000000 0.000000 0.999019 0.000000 0.000981 0 0.000000
115.000000000 0.000000 0.000000 0.998964 0.000000 0.001036 0 0.000000
116.000000000 0.000000 0.000000 0.998908 0.000000 0.001092 0 0.000000
117.000000000 0.000000 0.000000 0.998851 0.000000 0.001149 0 0.000000
118.000000000 0.000000 0.000000 0.998794 0.000000 0.001206 0 0.000000
119.000000000 0.000000 0.000000 0.998737 0.000000 0.001263 0 0.000000
120.000000000 0.000000 0.000000 0.998679 0.000000 0.001321 0 0.000000
121.000000000 0.000000 0.000000 0.998620 0.000000 0.001380 0 0.000000
122.000000000 0.000000 0.000000 0.998562 0.000000 0.001438 0 0.000000
123.000000000 0.000000 0.000000 0.998503 0.000000 0.001497 0 0.000000
124.000000000 0.000000 0.000000 0.998444 0.000000 0.001556 0 0.000000
125.000000000 0.000000 0.000000 0.998384 0.000000 0.001616 0 0.000000
126.000000000 0.000000 0.000000 0.998325 0.000000 0.001675 0 0.000000
127.000000000 0.000000 0.000000 0.998266 0.000000 0.001734 0 0.000000
128.000000000 0.000000 0.000000 0.998206 0.000000 0.001794 0 0.000000
129.000000000 0.000000 0.000000 0.998147 0.000000 0.001853 0 0.000000
130.000000000 0.000000 0.000000 0.998088 0.000000 0.001912 0 0.000000
131.000000000 0.000000 0.000000 0.998029 0.000000 0.001971 0 0.000000
132.000000000 0.000000 0.000000 0.997970 0.000000 0.002030 0 0.000000
133.000000000 0.000000 0.000000 0.997912 0.000000 0.002088 0 0.000000
134.000000000 0.000000 0.000000 0.997854 0.000000 0.002146 0 0.000000
135.000000000 0.000000 0.000000 0.997796 0.000000 0.002204 0 0.000000
136.000000000 0.000000 0.000000 0.997739 0.000000 0.002261 0 0.000000
137.000000000 0.000000 0.000000 0.997682 0.000000 0.002318 0 0.000000
138.000000000 0.000000 0.000000 0.997626 0.000000 0.002374 0 0.000000
139.000000000 0.000000 0.000000 0.997571 0.000000 0.002429 0 0.000000
140.000000000 0.000000 0.000000 0.997516 0.000000 0.002484 0 0.000000
141.000000000 0.000000 0.000000 0.997462 0.000000 0.002538 0 0.000000
142.000000000 0.000000 0.000000 0.997409 0.000000 0.002591 0 0.000000
143.000000000 0.000000 0.000000 0.997356 0.000000 0.002644 0 0.000000
144.000000000 0.000000 0.000000 0.997304 0.000000 0.002696 0 0.000000
145.000000000 0.000000 0.000000 0.997254 0.000000 0.002746 0 0.000000
146.000000000 0.000000 0.000000 0.997204 0.000000 0.002796 0 0.000000
147.000000000 0.000000 0.000000 0.997155 0.000000 0.002845 0 0.000000
148.000000000 0.000000 0.000000 0.997107 0.000000 0.002893 0 0.000000
149.000000000 0.000000 0.000000 0.997060 0.000000 0.002940 0 0.000000
150.000000000 0.000000 0.000000 0.997015 0.000000 0.002985 0 0.000000
151.000000000 0.000000 0.000000 0.996970 0.000000 0.003030 0 0.000000
152.000000000 0.000000 0.000000 0.996927 0.000000 0.003073 0 0.000000
153.000000000 0.000000 0.000000 0.996885 0.000000 0.003115 0 0.000000
154.000000000 0.000000 0.000000 0.996844 0.000000 0.003156 0 0.000000
155.000000000 0.000000 0.000000 0.996804 0.000000 0.003196 0 0.000000
156.000000000 0.000000 0.000000 0.996766 0.000000 0.003234 0 0.000000
157.000000000 0.000000 0.000000 0.996729 0.000000 0.003271 0 0.000000
158.000000000 0.000000 0.000000 0.996693 0.000000 0.003307 0 0.000000
159.000000000 0.000000 0.000000 0.996659 0.000000 0.003341 0 0.000000
160.000000000 0.000000 0.000000 0.996626 0.000000 0.003374 0 0.000000
161.000000000 0.000000 0.000000 0.996595 0.000000 0.003405 0 0.000000
162.000000000 0.000000 0.000000 0.996565 0.000000 0.003435 0 0.000000
163.000000000 0.000000 0.000000 0.996537 0.000000 0.003463 0 0.000000
164.000000000 0.000000 0.000000 0.996510 0.000000 0.003490 0 0.000000
165.000000000 0.000000 0.000000 0.996484 0.000000 0.003516 0 0.000000
166.000000000 0.000000 0.000000 0.996460 0.000000 0.003540 0 0.000000
167.000000000 0.000000 0.000000 0.996438 0.000000 0.003562 0 0.000000
168.000000000 0.000000 0.000000 0.996417 0.000000 0.003583 0 0.000000
169.000000000 0.000000 0.000000 0.996398 0.000000 0.003602 0 0.000000
170.000000000 0.000000 0.000000 0.996381 0.000000 0.003619 0 0.000000
171.000000000 0.000000 0.000000 0.996365 0.000000 0.003635 0 0.000000
172.000000000 0.000000 0.000000 0.996350 0.000000 0.003650 0 0.000000
173.000000000 0.000000 0.000000 0.996338 0.000000 0.003662 0 0.000000
174.000000000 0.000000 0.000000 0.996327 0.000000 0.003673 0 0.000000
175.000000000 0.000000 0.000000 0.996318 0.000000 0.003682 0 0.000000
176.000000000 0.000000 0.000000 0.996310 0.000000 0.003690 0 0.000000
177.000000000 0.000000 0.000000 0.996304 0.000000 0.003696 0 0.000000
178.000000000 0.000000 0.000000 0.996299 0.000000 0.003701 0 0.000000
179.000000000 0.000000 0.000000 0.996297 0.000000 0.003703 0 0.000000
180.000000000 0.000000 0.000000 0.996296 0.000000 0.003704 0 0.000000
181.000000000 0.000000 0.000000 0.996297 0.000000 0.003703 0 0.000000
182.000000000 0.000000 0.000000 0.996299 0.000000 0.003701 0 0.000000
183.000000000 0.000000 0.000000 0.996303 0.000000 0.003697 0 0.000000
184.000000000 0.000000 0.000000 0.996309 0.000000 0.003691 0 0.000000
185.000000000 0.000000 0.000000 0.996316 0.000000 0.003684 0 0.000000
186.000000000 0.000000 0.000000 0.996325 0.000000 0.003675 0 0.000000
187.000000000 0.000000 0.000000 0.996336 0.000000 0.003664 0 0.000000
188.000000000 0.000000 0.000000 0.996348 0.000000 0.003652 0 0.000000
189.000000000 0.000000 0.000000 0.996362 0.000000 0.003638 0 0.000000
190.000000000 0.000000 0.000000 0.996378 0.000000 0.003622 0 0.000000
191.000000000 0.000000 0.000000 0.996395 0.000000 0.003605 0 0.000000
192.000000000 0.000000 0.000000 0.996414 0.000000 0.003586 0 0.000000
193.000000000 0.000000 0.000000 0.996434 0.000000 0.003566 0 0.000000
194.000000000 0.000000 0.000000 0.996456 0.000000 0.003544 0 0.000000
195.000000000 0.000000 0.000000 0.996480 0.000000 0.003520 0 0.000000
196.000000000 0.000000 0.000000 0.996505 0.000000 0.003495 0 0.000000
197.000000000 0.000000 0.000000 0.996532 0.000000 0.003468 0 0.000000
198.000000000 0.000000 0.000000 0.996560 0.000000 0.003440 0 0.000000
199.000000000 0.000000 0.000000 0.996589 0.000000 0.003411 0 0.000000
200.000000000 0.000000 0.000000 0.996620 0.000000 0.003380 0 0.000000
201.000000000 0.000000 0.000000 0.996653 0.000000 0.003347 0 0.000000
202.000000000 0.000000 0.000000 0.996687 0.000000 0.003313 0 0.000000
203.000000000 0.000000 0.000000 0.996722 0.000000 0.003278 0 0.000000
204.000000000 0.000000 0.000000 0.996759 0.000000 0.003241 0 0.000000
205.000000000 0.000000 0.000000 0.996797 0.000000 0.003203 0 0.000000
206.000000000 0.000000 0.000000 0.996837 0.000000 0.003163 0 0.000000
207.000000000 0.000000 0.000000 0.996877 0.000000 0.003123 0 0.000000
208.000000000 0.000000 0.000000 0.996919 0.000000 0.003081 0 0.000000
209.000000000 0.000000 0.000000 0.996962 0.000000 0.003038 0 0.000000
210.000000000 0.000000 0.000000 0.997007 0.000000 0.002993 0 0.000000
211.000000000 0.000000 0.000000 0.997052 0.000000 0.002948 0 0.000000
212.000000000 0.000000 0.000000 0.997099 0.000000 0.002901 0 0.000000
213.000000000 0.000000 0.000000 0.997146 0.000000 0.002854 0 0.000000
214.000000000 0.000000 0.000000 0.997195 0.000000 0.002805 0 0.000000
215.000000000 0.000000 0.000000 0.997244 0.000000 0.002756 0 0.000000
216.000000000 0.000000 0.000000 0.997295 0.000000 0.002705 0 0.000000
217.000000000 0.000000 0.000000 0.997347 0.000000 0.002653 0 0.000000
218.000000000 0.000000 0.000000 0.997399 0.000000 0.002601 0 0.000000
219.000000000 0.000000 0.000000 0.997452 0.000000 0.002548 0 0.000000
220.000000000 0.000000 0.000000 0.997506 0.000000 0.002494 0 0.000000
221.000000000 0.000000 0.000000 0.997561 0.000000 0.002439 0 0.000000
222.000000000 0.000000 0.000000 0.997616 0.000000 0.002384 0 0.000000
223.000000000 0.000000 0.000000 0.997672 0.000000 0.002328 0 0.000000
224.000000000 0.000000 0.000000 0.997729 0.000000 0.002271 0 0.000000
225.000000000 0.000000 0.000000 0.997786 0.000000 0.002214 0 0.000000
226.000000000 0.000000 0.000000 0.997843 0.000000 0.002157 0 0.000000
227.000000000 0.000000 0.000000 0.997901 0.000000 0.002099 0 0.000000
228.000000000 0.000000 0.000000 0.997959 0.000001 0.002041 0 0.000000
229.000000000 0.000000 0.000000 0.998015 0.000003 0.001982 0 0.000000
230.000000000 0.000000 0.000000 0.998070 0.000007 0.001923 0 0.000000
231.000000000 0.000000 0.000000 0.998122 0.000014 0.001864 0 0.000000
232.000000000 0.000000 0.000000 0.998172 0.000023 0.001805 0 0.000000
233.000000000 0.000000 0.000000 0.998220 0.000035 0.001745 0 0.000000
234.000000000 0.000000 0.000000 0.998264 0.000050 0.001686 0 0.000000
235.000000000 0.000000 0.000000 0.998306 0.000068 0.001627 0 0.000000
236.000000000 0.000000 0.000000 0.998344 0.000089 0.001567 0 0.000000
237.000000000 0.000000 0.000000 0.998379 0.000113 0.001508 0 0.000000
238.000000000 0.000000 0.000000 0.998408 0.000143 0.001449 0 0.000000
239.000000000 0.000000 0.000000 0.998433 0.000177 0.001390 0 0.000000
240.000000000 0.000000 0.000000 0.998452 0.000216 0.001332 0 0.000000
241.000000000 0.000000 0.000000 0.998467 0.000259 0.001274 0 0.000000
242.000000000 0.000000 0.000000 0.998476 0.000308 0.001216 0 0.000000
243.000000000 0.000000 0.000000 0.998479 0.000362 0.001159 0 0.000000
244.000000000 0.000000 0.000000 0.998477 0.000421 0.001102 0 0.000000
245.000000000 0.000000 0.000000 0.998468 0.000485 0.001046 0 0.000000
246.000000000 0.000000 0.000000 0.998453 0.000555 0.000991 0 0.000000
247.000000000 0.000000 0.000000 0.998432 0.000631 0.000936 0 0.000000
248.000000000 0.000000 0.000000 0.998405 0.000713 0.000883 0 0.000000
249.000000000 0.000000 0.000000 0.998370 0.000800 0.000830 0 0.000000
250.000000000 0.000000 0.000000 0.998330 0.000892 0.000777 0 0.000000
251.000000000 0.000000 0.000000 0.998283 0.000991 0.000726 0 0.000000
252.000000000 0.000000 0.000000 0.998229 0.001095 0.000676 0 0.000000
253.000000000 0.000000 0.000000 0.998169 0.001204 0.000627 0 0.000000
254.000000000 0.000000 0.000000 0.998103 0.001318 0.000579 0 0.000000
255.000000000 0.000000 0.000000 0.998031 0.001437 0.000532 0 0.000000
256.000000000 0.000000 0.000000 0.997953 0.001561 0.000486 0 0.000000
257.000000000 0.000000 0.000000 0.997871 0.001688 0.000442 0 0.000000
258.000000000 0.000000 0.000000 0.997785 0.001817 0.000398 0 0.000000
259.000000000 0.000000 0.000000 0.997694 0.001950 0.000356 0 0.000000
260.000000000 0.000000 0.000000 0.997598 0.002086 0.000315 0 0.000000
261.000000000 0.000000 0.000000 0.997498 0.002225 0.000277 0 0.000000
262.000000000 0.000000 0.000000 0.997393 0.002367 0.000240 0 0.000000
263.000000000 0.000000 0.000000 0.997284 0.002511 0.000206 0 0.000000
264.000000000 0.000000 0.000000 0.997170 0.002657 0.000173 0 0.000000
265.000000000 0.000000 0.000000 0.997052 0.002806 0.000142 0 0.000000
266.000000000 0.000000 0.000000 0.996930 0.002957 0.000113 0 0.000000
267.000000000 0.000000 0.000000 0.996804 0.003109 0.000088 0 0.000000
268.000000000 0.000000 0.000000 0.996672 0.003262 0.000066 0 0.000000
269.000000000 0.000000 0.000000 0.996535 0.003417 0.000048 0 0.000000
270.000000000 0.000000 0.000000 0.996393 0.003573 0.000033 0 0.000000
271.000000000 0.000000 0.000000 0.996248 0.003731 0.000021 0 0.000000
272.000000000 0.000000 0.000000 0.996099 0.003889 0.000012 0 0.000000
273.000000000 0.000000 0.000000 0.995946 0.004048 0.000006 0 0.000000
274.000000000 0.000000 0.000000 0.995790 0.004208 0.000002 0 0.000000
275.000000000 0.000000 0.000000 0.995632 0.004368 0.000000 0 0.000000
276.000000000 0.000000 0.000000 0.995471 0.004529 0.000000 0 0.000000
277.000000000 0.000000 0.000000 0.995310 0.004690 0.000000 0 0.000000
278.000000000 0.000000 0.000000 0.995149 0.004851 0.000000 0 0.000000
279.000000000 0.000000 0.000000 0.994988 0.005012 0.000000 0 0.000000
280.000000000 0.000000 0.000000 0.994827 0.005173 0.000000 0 0.000000
281.000000000 0.000000 0.000000 0.994666 0.005334 0.000000 0 0.000000
282.000000000 0.000000 0.000000 0.994506 0.005494 0.000000 0 0.000000
283.000000000 0.000000 0.000000 0.994347 0.005653 0.000000 0 0.000000
284.000000000 0.000000 0.000000 0.994188 0.005812 0.000000 0 0.000000
285.000000000 0.000000 0.000000 0.994030 0.005970 0.000000 0 0.000000
286.000000000 0.000000 0.000000 0.993873 0.006127 0.000000 0 0.000000
287.000000000 0.000000 0.000000 0.993718 0.006282 0.000000 0 0.000000
288.000000000 0.000000 0.000000 0.993563 0.006437 0.000000 0 0.000000
289.000000000 0.000000 0.000000 0.993411 0.006589 0.000000 0 0.000000
290.000000000 0.000000 0.000000 0.993259 0.006741 0.000000 0 0.000000
291.000000000 0.000000 0.000000 0.993110 0.006890 0.000000 0 0.000000
292.000000000 0.000000 0.000000 0.992962 0.007038 0.000000 0 0.000000
293.000000000 0.000000 0.000000 0.992816 0.007184 0.000000 0 0.000000
294.000000000 0.000000 0.000000 0.992673 0.007327 0.000000 0 0.000000
295.000000000 0.000000 0.000000 0.992531 0.007469 0.000000 0 0.000000
296.000000000 0.000000 0.000000 0.992392 0.007608 0.000000 0 0.000000
297.000000000 0.000000 0.000000 0.992256 0.007744 0.000000 0 0.000000
298.000000000 0.000000 0.000000 0.992121 0.007879 0.000000 0 0.000000
299.000000000 0.000000 0.000000 0.991990 0.008010 0.000000 0 0.000000
300.000000000 0.000000 0.000000 0.991862 0.008138 0.000000 0 0.000000
301.000000000 0.000000 0.000000 0.991736 0.008264 0.000000 0 0.000000
302.000000000 0.000000 0.000000 0.991613 0.008387 0.000000 0 0.000000
303.000000000 0.000000 0.000000 0.991494 0.008506 0.000000 0 0.000000
304.000000000 0.000000 0.000000 0.991377 0.008623 0.000000 0 0.000000
305.000000000 0.000000 0.000000 0.991265 0.008735 0.000000 0 0.000000
306.000000000 0.000000 0.000000 0.991155 0.008845 0.000000 0 0.000000
307.000000000 0.000000 0.000000 0.991049 0.008951 0.000000 0 0.000000
308.000000000 0.000000 0.000000 0.990946 0.009054 0.000000 0 0.000000
309.000000000 0.000000 0.000000 0.990847 0.009153 0.000000 0 0.000000
310.000000000 0.000000 0.000000 0.990752 0.009248 0.000000 0 0.000000
311.000000000 0.000000 0.000000 0.990661 0.009339 0.000000 0 0.000000
312.000000000 0.000000 0.000000 0.990574 0.009426 0.000000 0 0.000000
313.000000000 0.000000 0.000000 0.990490 0.009510 0.000000 0 0.000000
314.000000000 0.000000 0.000000 0.990411 0.009589 0.000000 0 0.000000
315.000000000 0.000000 0.000000 0.990336 0.009664 0.000000 0 0.000000
316.000000000 0.000000 0.000000 0.990265 0.009735 0.000000 0 0.000000
317.000000000 0.000000 0.000000 0.990198 0.009802 0.000000 0 0.000000
318.000000000 0.000000 0.000000 0.990135 0.009865 0.000000 0 0.000000
319.000000000 0.000000 0.000000 0.990077 0.009923 0.000000 0 0.000000
320.000000000 0.000000 0.000000 0.990023 0.009977 0.000000 0 0.000000
321.000000000 0.000000 0.000000 0.989973 0.010027 0.000000 0 0.000000
322.000000000 0.000000 0.000000 0.989928 0.010072 0.000000 0 0.000000
323.000000000 0.000000 0.000000 0.989887 0.010113 0.000000 0 0.000000
324.000000000 0.000000 0.000000 0.989851 0.010149 0.000000 0 0.000000
325.000000000 0.000000 0.000000 0.989820 0.010180 0.000000 0 0.000000
326.000000000 0.000000 0.000000 0.989793 0.010207 0.000000 0 0.000000
327.000000000 0.000000 0.000000 0.989770 0.010230 0.000000 0 0.000000
328.000000000 0.000000 0.000000 0.989753 0.010247 0.000000 0 0.000000
329.000000000 0.000000 0.000000 0.989739 0.010261 0.000000 0 0.000000
330.000000000 0.000000 0.000000 0.989731 0.010269 0.000000 0 0.000000
331.000000000 0.000000 0.000000 0.989727 0.010273 0.000000 0 0.000000
332.000000000 0.000000 0.000000 0.989727 0.010273 0.000000 0 0.000000
333.000000000 0.000000 0.000000 0.989733 0.010267 0.000000 0 0.000000
334.000000000 0.000000 0.000000 0.989743 0.010257 0.000000 0 0.000000
335.000000000 0.000000 0.000000 0.989757 0.010243 0.000000 0 0.000000
336.000000000 0.000000 0.000000 0.989776 0.010224 0.000000 0 0.000000
337.000000000 0.000000 0.000000 0.989800 0.010200 0.000000 0 0.000000
338.000000000 0.000000 0.000000 0.989829 0.010171 0.000000 0 0.000000
339.000000000 0.000000 0.000000 0.989862 0.010138 0.000000 0 0.000000
340.000000000 0.000000 0.000000 0.989899 0.010101 0.000000 0 0.000000
341.000000000 0.000000 0.000000 0.989941 0.010059 0.000000 0 0.000000
342.000000000 0.000000 0.000000 0.989987 0.010013 0.000000 0 0.000000
343.000000000 0.000000 0.000000 0.990038 0.009962 0.000000 0 0.000000
344.000000000 0.000000 0.000000 0.990094 0.009906 0.000000 0 0.000000
345.000000000 0.000000 0.000000 0.990153 0.009847 0.000000 0 0.000000
346.000000000 0.000000 0.000000 0.990217 0.009783 0.000000 0 0.000000
347.000000000 0.000000 0.000000 0.990285 0.009715 0.000000 0 0.000000
348.000000000 0.000000 0.000000 0.990358 0.009642 0.000000 0 0.000000
349.000000000 0.000000 0.000000 0.990434 0.009566 0.000000 0 0.000000
350.000000000 0.000000 0.000000 0.990515 0.009485 0.000000 0 0.000000
351.000000000 0.000000 0.000000 0.990599 0.009401 0.000000 0 0.000000
352.000000000 0.000000 0.000000 0.990688 0.009312 0.000000 0 0.000000
353.000000000 0.000000 0.000000 0.990780 0.009220 0.000000 0 0.000000
354.000000000 0.000000 0.000000 0.990876 0.009124 0.000000 0 0.000000
355.000000000 0.000000 0.000000 0.990976 0.009024 0.000000 0 0.000000
356.000000000 0.000000 0.000000 0.991080 0.008920 0.000000 0 0.000000
357.000000000 0.000000 0.000000 0.991187 0.008813 0.000000 0 0.000000
358.000000000 0.000000 0.000000 0.991298 0.008702 0.000000 0 0.000000
359.000000000 0.000000 0.000000 0.991412 0.008588 0.000000 0 0.000000
