0.000000000 0.000000 0.000000 1.000000 0.000000 0 0.000000
1.000000000 0.000000 0.000000 1.000000 0.000000 0 0.000000
2.000000000 0.000000 0.000000 1.000000 0.000000 0 0.000000
3.000000000 0.000000 0.000000 1.000000 0.000000 0 0.000000
4.000000000 0.000000 0.000000 1.000000 0.000000 0 0.000000
5.000000000 0.000000 0.000000 1.000000 0.000000 0 0.000000
6.000000000 0.000000 0.000000 1.000000 0.000000 0 0.000000
7.000000000 0.000000 0.000000 1.000000 0.000000 0 0.000000
8.000000000 0.000000 0.000000 1.000000 0.000000 0 0.000000
9.000000000 0.000000 0.000000 1.000000 0.000000 0 0.000000
10.000000000 0.000000 0.000000 1.000000 0.000000 0 0.000000
11.000000000 0.000000 0.000000 1.000000 0.000000 0 0.000000
12.000000000 0.000000 0.000000 1.000000 0.000000 0 0.000000
13.000000000 0.000000 0.000000 1.000000 0.000000 0 0.000000
14.000000000 0.000000 0.000000 1.000000 0.000000 0 0.000000
15.000000000 0.000000 0.000000 1.000000 0.000000 0 0.000000
16.000000000 0.000000 0.000000 1.000000 0.000000 0 0.000000
17.000000000 0.000000 0.000000 1.000000 0.000000 0 0.000000
18.000000000 0.000000 0.000000 1.000000 0.000000 0 0.000000
19.000000000 0.000000 0.000000 1.000000 0.000000 0 0.000000
20.000000000 0.000000 0.000000 1.000000 0.000000 0 0.000000
21.000000000 0.000000 0.000000 1.000000 0.000000 0 0.000000
22.000000000 0.000000 0.000000 1.000000 0.000000 0 0.000000
23.000000000 0.000000 0.000000 1.000000 0.000000 0 0.000000
24.000000000 0.000000 0.000000 1.000000 0.000000 0 0.000000
25.000000000 0.000000 0.000000 1.000000 0.000000 0 0.000000
26.000000000 0.000000 0.000000 1.000000 0.000000 0 0.000000
27.000000000 0.000000 0.000000 1.000000 0.000000 0 0.000000
28.000000000 0.000000 0.000000 1.000000 0.000000 0 0.000000
29.000000000 0.000000 0.000000 1.000000 0.000000 0 0.000000
30.000000000 0.000000 0.000000 1.000000 0.000000 0 0.000000
31.000000000 0.000000 0.000000 1.000000 0.000000 0 0.000000
32.000000000 0.000000 0.000000 1.000000 0.000000 0 0.000000
33.000000000 0.000000 0.000000 1.000000 0.000000 0 0.000000
34.000000000 0.000000 0.000000 1.000000 0.000000 0 0.000000
35.000000000 0.000000 0.000000 1.000000 0.000000 0 0.000000
36.000000000 0.000000 0.000000 1.000000 0.000000 0 0.000000
37.000000000 0.000000 0.000000 1.000000 0.000000 0 0.000000
38.000000000 0.000000 0.000000 1.000000 0.000000 0 0.000000
39.000000000 0.000000 0.000000 1.000000 0.000000 0 0.000000
40.000000000 0.000000 0.000000 1.000000 0.000000 0 0.000000
41.000000000 0.000000 0.000000 1.000000 0.000000 0 0.000000
42.000000000 0.000000 0.000000 1.000000 0.000000 0 0.000000
43.000000000 0.000000 0.000000 1.000000 0.000000 0 0.000000
44.000000000 0.000000 0.000000 1.000000 0.000000 0 0.000000
45.000000000 0.000000 0.000000 1.000000 0.000000 0 0.000000
46.000000000 0.000000 0.000000 1.000000 0.000000 0 0.000000
47.000000000 0.000000 0.000000 1.000000 0.000000 0 0.000000
48.000000000 0.000000 0.000000 1.000000 0.000000 0 0.000000
49.000000000 0.000000 0.000000 1.000000 0.000000 0 0.000000
50.000000000 0.000000 0.000000 1.000000 0.000000 0 0.000000
51.000000000 0.000000 0.000000 1.000000 0.000000 0 0.000000
52.000000000 0.000000 0.000000 1.000000 0.000000 0 0.000000
53.000000000 0.000000 0.000000 1.000000 0.000000 0 0.000000
54.000000000 0.000000 0.000000 1.000000 0.000000 0 0.000000
55.000000000 0.000000 0.000000 1.000000 0.000000 0 0.000000
56.000000000 0.000000 0.000000 1.000000 0.000000 0 0.000000
57.000000000 0.000000 0.000000 1.000000 0.000000 0 0.000000
58.000000000 0.000000 0.000000 1.000000 0.000000 0 0.000000
59.000000000 0.000000 0.000000 1.000000 0.000000 0 0.000000
60.000000000 0.000000 0.000000 1.000000 0.000000 0 0.000000
61.000000000 0.000000 0.000000 1.000000 0.000000 0 0.000000
62.000000000 0.000000 0.000000 1.000000 0.000000 0 0.000000
63.000000000 0.000000 0.000000 1.000000 0.000000 0 0.000000
64.000000000 0.000000 0.000000 1.000000 0.000000 0 0.000000
65.000000000 0.000000 0.000000 1.000000 0.000000 0 0.000000
66.000000000 0.000000 0.000000 1.000000 0.000000 0 0.000000
67.000000000 0.000000 0.000000 1.000000 0.000000 0 0.000000
68.000000000 0.000000 0.000000 1.000000 0.000000 0 0.000000
69.000000000 0.000000 0.000000 1.000000 0.000000 0 0.000000
70.000000000 0.000000 0.000000 1.000000 0.000000 0 0.000000
71.000000000 0.000000 0.000000 1.000000 0.000000 0 0.000000
72.000000000 0.000000 0.000000 1.000000 0.000000 0 0.000000
73.000000000 0.000000 0.000000 1.000000 0.000000 0 0.000000
74.000000000 0.000000 0.000000 1.000000 0.000000 0 0.000000
75.000000000 0.000000 0.000000 1.000000 0.000000 0 0.000000
76.000000000 0.000000 0.000000 1.000000 0.000000 0 0.000000
77.000000000 0.000000 0.000000 1.000000 0.000000 0 0.000000
78.000000000 0.000000 0.000000 1.000000 0.000000 0 0.000000
79.000000000 0.000000 0.000000 1.000000 0.000000 0 0.000000
80.000000000 0.000000 0.000000 1.000000 0.000000 0 0.000000
81.000000000 0.000000 0.000000 1.000000 0.000000 0 0.000000
82.000000000 0.000000 0.000000 0.999998 0.000002 0 0.000000
83.000000000 0.000000 0.000000 0.999994 0.000006 0 0.000000
84.000000000 0.000000 0.000000 0.999987 0.000013 0 0.000000
85.000000000 0.000000 0.000000 0.999975 0.000025 0 0.000000
86.000000000 0.000000 0.000000 0.999959 0.000041 0 0.000000
87.000000000 0.000000 0.000000 0.999939 0.000061 0 0.000000
88.000000000 0.000000 0.000000 0.999913 0.000087 0 0.000000
89.000000000 0.000000 0.000000 0.999883 0.000117 0 0.000000
90.000000000 0.000000 0.000000 0.999844 0.000156 0 0.000000
91.000000000 0.000000 0.000000 0.999799 0.000201 0 0.000000
92.000000000 0.000000 0.000000 0.999746 0.000254 0 0.000000
93.000000000 0.000000 0.000000 0.999686 0.000314 0 0.000000
94.000000000 0.000000 0.000000 0.999618 0.000382 0 0.000000
95.000000000 0.000000 0.000000 0.999541 0.000459 0 0.000000
96.000000000 0.000000 0.000000 0.999455 0.000545 0 0.000000
97.000000000 0.000000 0.000000 0.999361 0.000639 0 0.000000
98.000000000 0.000000 0.000000 0.999258 0.000742 0 0.000000
99.000000000 0.000000 0.000000 0.999146 0.000854 0 0.000000
100.000000000 0.000000 0.000000 0.999025 0.000975 0 0.000000
101.000000000 0.000000 0.000000 0.998896 0.001104 0 0.000000
102.000000000 0.000000 0.000000 0.998758 0.001242 0 0.000000
103.000000000 0.000000 0.000000 0.998612 0.001388 0 0.000000
104.000000000 0.000000 0.000000 0.998458 0.001542 0 0.000000
105.000000000 0.000000 0.000000 0.998298 0.001702 0 0.000000
106.000000000 0.000000 0.000000 0.998134 0.001866 0 0.000000
107.000000000 0.000000 0.000000 0.997963 0.002037 0 0.000000
108.000000000 0.000000 0.000000 0.997788 0.002212 0 0.000000
109.000000000 0.000000 0.000000 0.997608 0.002392 0 0.000000
110.000000000 0.000000 0.000000 0.997423 0.002577 0 0.000000
111.000000000 0.000000 0.000000 0.997233 0.002767 0 0.000000
112.000000000 0.000000 0.000000 0.997040 0.002960 0 0.000000
113.000000000 0.000000 0.000000 0.996843 0.003157 0 0.000000
114.000000000 0.000000 0.000000 0.996644 0.003356 0 0.000000
115.000000000 0.000000 0.000000 0.996440 0.003560 0 0.000000
116.000000000 0.000000 0.000000 0.996234 0.003766 0 0.000000
117.000000000 0.000000 0.000000 0.996025 0.003975 0 0.000000
118.000000000 0.000000 0.000000 0.995814 0.004186 0 0.000000
119.000000000 0.000000 0.000000 0.995600 0.004400 0 0.000000
120.000000000 0.000000 0.000000 0.995384 0.004616 0 0.000000
121.000000000 0.000000 0.000000 0.995166 0.004834 0 0.000000
122.000000000 0.000000 0.000000 0.994946 0.005054 0 0.000000
123.000000000 0.000000 0.000000 0.994725 0.005275 0 0.000000
124.000000000 0.000000 0.000000 0.994502 0.005498 0 0.000000
125.000000000 0.000000 0.000000 0.994279 0.005721 0 0.000000
126.000000000 0.000000 0.000000 0.994054 0.005946 0 0.000000
127.000000000 0.000000 0.000000 0.993829 0.006171 0 0.000000
128.000000000 0.000000 0.000000 0.993604 0.006396 0 0.000000
129.000000000 0.000000 0.000000 0.993378 0.006622 0 0.000000
130.000000000 0.000000 0.000000 0.993152 0.006848 0 0.000000
131.000000000 0.000000 0.000000 0.992927 0.007073 0 0.000000
132.000000000 0.000000 0.000000 0.992702 0.007298 0 0.000000
133.000000000 0.000000 0.000000 0.992478 0.007522 0 0.000000
134.000000000 0.000000 0.000000 0.992254 0.007746 0 0.000000
135.000000000 0.000000 0.000000 0.992032 0.007968 0 0.000000
136.000000000 0.000000 0.000000 0.991811 0.008189 0 0.000000
137.000000000 0.000000 0.000000 0.991591 0.008409 0 0.000000
138.000000000 0.000000 0.000000 0.991373 0.008627 0 0.000000
139.000000000 0.000000 0.000000 0.991157 0.008843 0 0.000000
140.000000000 0.000000 0.000000 0.990943 0.009057 0 0.000000
141.000000000 0.000000 0.000000 0.990731 0.009269 0 0.000000
142.000000000 0.000000 0.000000 0.990522 0.009478 0 0.000000
143.000000000 0.000000 0.000000 0.990315 0.009685 0 0.000000
144.000000000 0.000000 0.000000 0.990112 0.009888 0 0.000000
145.000000000 0.000000 0.000000 0.989911 0.010089 0 0.000000
146.000000000 0.000000 0.000000 0.989713 0.010287 0 0.000000
147.000000000 0.000000 0.000000 0.989519 0.010481 0 0.000000
148.000000000 0.000000 0.000000 0.989328 0.010672 0 0.000000
149.000000000 0.000000 0.000000 0.989141 0.010859 0 0.000000
150.000000000 0.000000 0.000000 0.988957 0.011043 0 0.000000
151.000000000 0.000000 0.000000 0.988778 0.011222 0 0.000000
152.000000000 0.000000 0.000000 0.988603 0.011397 0 0.000000
153.000000000 0.000000 0.000000 0.988432 0.011568 0 0.000000
154.000000000 0.000000 0.000000 0.988265 0.011735 0 0.000000
155.000000000 0.000000 0.000000 0.988103 0.011897 0 0.000000
156.000000000 0.000000 0.000000 0.987946 0.012054 0 0.000000
157.000000000 0.000000 0.000000 0.987793 0.012207 0 0.000000
158.000000000 0.000000 0.000000 0.987645 0.012355 0 0.000000
159.000000000 0.000000 0.000000 0.987503 0.012497 0 0.000000
160.000000000 0.000000 0.000000 0.987365 0.012635 0 0.000000
161.000000000 0.000000 0.000000 0.987233 0.012767 0 0.000000
162.000000000 0.000000 0.000000 0.987106 0.012894 0 0.000000
163.000000000 0.000000 0.000000 0.986985 0.013015 0 0.000000
164.000000000 0.000000 0.000000 0.986869 0.013131 0 0.000000
165.000000000 0.000000 0.000000 0.986758 0.013242 0 0.000000
166.000000000 0.000000 0.000000 0.986654 0.013346 0 0.000000
167.000000000 0.000000 0.000000 0.986555 0.013445 0 0.000000
168.000000000 0.000000 0.000000 0.986462 0.013538 0 0.000000
169.000000000 0.000000 0.000000 0.986375 0.013625 0 0.000000
170.000000000 0.000000 0.000000 0.986294 0.013706 0 0.000000
171.000000000 0.000000 0.000000 0.986219 0.013781 0 0.000000
172.000000000 0.000000 0.000000 0.986151 0.013849 0 0.000000
173.000000000 0.000000 0.000000 0.986088 0.013912 0 0.000000
174.000000000 0.000000 0.000000 0.986031 0.013969 0 0.000000
175.000000000 0.000000 0.000000 0.985981 0.014019 0 0.000000
176.000000000 0.000000 0.000000 0.985937 0.014063 0 0.000000
177.000000000 0.000000 0.000000 0.985900 0.014100 0 0.000000
178.000000000 0.000000 0.000000 0.985869 0.014131 0 0.000000
179.000000000 0.000000 0.000000 0.985844 0.014156 0 0.000000
180.000000000 0.000000 0.000000 0.985825 0.014175 0 0.000000
181.000000000 0.000000 0.000000 0.985813 0.014187 0 0.000000
182.000000000 0.000000 0.000000 0.985808 0.014192 0 0.000000
183.000000000 0.000000 0.000000 0.985808 0.014192 0 0.000000
184.000000000 0.000000 0.000000 0.985815 0.014185 0 0.000000
185.000000000 0.000000 0.000000 0.985829 0.014171 0 0.000000
186.000000000 0.000000 0.000000 0.985849 0.014151 0 0.000000
187.000000000 0.000000 0.000000 0.985875 0.014125 0 0.000000
188.000000000 0.000000 0.000000 0.985908 0.014092 0 0.000000
189.000000000 0.000000 0.000000 0.985947 0.014053 0 0.000000
190.000000000 0.000000 0.000000 0.985992 0.014008 0 0.000000
191.000000000 0.000000 0.000000 0.986044 0.013956 0 0.000000
192.000000000 0.000000 0.000000 0.986102 0.013898 0 0.000000
193.000000000 0.000000 0.000000 0.986166 0.013834 0 0.000000
194.000000000 0.000000 0.000000 0.986236 0.013764 0 0.000000
195.000000000 0.000000 0.000000 0.986313 0.013687 0 0.000000
196.000000000 0.000000 0.000000 0.986395 0.013605 0 0.000000
197.000000000 0.000000 0.000000 0.986483 0.013517 0 0.000000
198.000000000 0.000000 0.000000 0.986578 0.013422 0 0.000000
199.000000000 0.000000 0.000000 0.986678 0.013322 0 0.000000
200.000000000 0.000000 0.000000 0.986784 0.013216 0 0.000000
201.000000000 0.000000 0.000000 0.986895 0.013105 0 0.000000
202.000000000 0.000000 0.000000 0.987013 0.012987 0 0.000000
203.000000000 0.000000 0.000000 0.987135 0.012865 0 0.000000
204.000000000 0.000000 0.000000 0.987263 0.012737 0 0.000000
205.000000000 0.000000 0.000000 0.987397 0.012603 0 0.000000
206.000000000 0.000000 0.000000 0.987536 0.012464 0 0.000000
207.000000000 0.000000 0.000000 0.987680 0.012320 0 0.000000
208.000000000 0.000000 0.000000 0.987828 0.012172 0 0.000000
209.000000000 0.000000 0.000000 0.987982 0.012018 0 0.000000
210.000000000 0.000000 0.000000 0.988141 0.011859 0 0.000000
211.000000000 0.000000 0.000000 0.988304 0.011696 0 0.000000
212.000000000 0.000000 0.000000 0.988471 0.011529 0 0.000000
213.000000000 0.000000 0.000000 0.988643 0.011357 0 0.000000
214.000000000 0.000000 0.000000 0.988820 0.011180 0 0.000000
215.000000000 0.000000 0.000000 0.989000 0.011000 0 0.000000
216.000000000 0.000000 0.000000 0.989184 0.010816 0 0.000000
217.000000000 0.000000 0.000000 0.989372 0.010628 0 0.000000
218.000000000 0.000000 0.000000 0.989564 0.010436 0 0.000000
219.000000000 0.000000 0.000000 0.989759 0.010241 0 0.000000
220.000000000 0.000000 0.000000 0.989957 0.010043 0 0.000000
221.000000000 0.000000 0.000000 0.990159 0.009841 0 0.000000
222.000000000 0.000000 0.000000 0.990364 0.009636 0 0.000000
223.000000000 0.000000 0.000000 0.990571 0.009429 0 0.000000
224.000000000 0.000000 0.000000 0.990781 0.009219 0 0.000000
225.000000000 0.000000 0.000000 0.990993 0.009007 0 0.000000
226.000000000 0.000000 0.000000 0.991207 0.008793 0 0.000000
227.000000000 0.000000 0.000000 0.991424 0.008576 0 0.000000
228.000000000 0.000000 0.000000 0.991642 0.008358 0 0.000000
229.000000000 0.000000 0.000000 0.991862 0.008138 0 0.000000
230.000000000 0.000000 0.000000 0.992084 0.007916 0 0.000000
231.000000000 0.000000 0.000000 0.992306 0.007694 0 0.000000
232.000000000 0.000000 0.000000 0.992530 0.007470 0 0.000000
233.000000000 0.000000 0.000000 0.992755 0.007245 0 0.000000
234.000000000 0.000000 0.000000 0.992980 0.007020 0 0.000000
235.000000000 0.000000 0.000000 0.993205 0.006795 0 0.000000
236.000000000 0.000000 0.000000 0.993431 0.006569 0 0.000000
237.000000000 0.000000 0.000000 0.993656 0.006344 0 0.000000
238.000000000 0.000000 0.000000 0.993882 0.006118 0 0.000000
239.000000000 0.000000 0.000000 0.994107 0.005893 0 0.000000
240.000000000 0.000000 0.000000 0.994331 0.005669 0 0.000000
241.000000000 0.000000 0.000000 0.994554 0.005446 0 0.000000
242.000000000 0.000000 0.000000 0.994776 0.005224 0 0.000000
243.000000000 0.000000 0.000000 0.994998 0.005002 0 0.000000
244.000000000 0.000000 0.000000 0.995217 0.004783 0 0.000000
245.000000000 0.000000 0.000000 0.995435 0.004565 0 0.000000
246.000000000 0.000000 0.000000 0.995650 0.004350 0 0.000000
247.000000000 0.000000 0.000000 0.995863 0.004137 0 0.000000
248.000000000 0.000000 0.000000 0.996075 0.003925 0 0.000000
249.000000000 0.000000 0.000000 0.996282 0.003718 0 0.000000
250.000000000 0.000000 0.000000 0.996488 0.003512 0 0.000000
251.000000000 0.000000 0.000000 0.996691 0.003309 0 0.000000
252.000000000 0.000000 0.000000 0.996890 0.003110 0 0.000000
253.000000000 0.000000 0.000000 0.997085 0.002915 0 0.000000
254.000000000 0.000000 0.000000 0.997278 0.002722 0 0.000000
255.000000000 0.000000 0.000000 0.997467 0.002533 0 0.000000
256.000000000 0.000000 0.000000 0.997651 0.002349 0 0.000000
257.000000000 0.000000 0.000000 0.997830 0.002170 0 0.000000
258.000000000 0.000000 0.000000 0.998004 0.001996 0 0.000000
259.000000000 0.000000 0.000000 0.998173 0.001827 0 0.000000
260.000000000 0.000000 0.000000 0.998336 0.001664 0 0.000000
261.000000000 0.000000 0.000000 0.998494 0.001506 0 0.000000
262.000000000 0.000000 0.000000 0.998647 0.001353 0 0.000000
263.000000000 0.000000 0.000000 0.998791 0.001209 0 0.000000
264.000000000 0.000000 0.000000 0.998927 0.001073 0 0.000000
265.000000000 0.000000 0.000000 0.999055 0.000945 0 0.000000
266.000000000 0.000000 0.000000 0.999173 0.000827 0 0.000000
267.000000000 0.000000 0.000000 0.999283 0.000717 0 0.000000
268.000000000 0.000000 0.000000 0.999384 0.000616 0 0.000000
269.000000000 0.000000 0.000000 0.999476 0.000524 0 0.000000
270.000000000 0.000000 0.000000 0.999560 0.000440 0 0.000000
271.000000000 0.000000 0.000000 0.999634 0.000366 0 0.000000
272.000000000 0.000000 0.000000 0.999701 0.000299 0 0.000000
273.000000000 0.000000 0.000000 0.999759 0.000241 0 0.000000
274.000000000 0.000000 0.000000 0.999810 0.000190 0 0.000000
275.000000000 0.000000 0.000000 0.999854 0.000146 0 0.000000
276.000000000 0.000000 0.000000 0.999890 0.000110 0 0.000000
277.000000000 0.000000 0.000000 0.999920 0.000080 0 0.000000
278.000000000 0.000000 0.000000 0.999944 0.000056 0 0.000000
279.000000000 0.000000 0.000000 0.999963 0.000037 0 0.000000
280.000000000 0.000000 0.000000 0.999978 0.000022 0 0.000000
281.000000000 0.000000 0.000000 0.999989 0.000011 0 0.000000
282.000000000 0.000000 0.000000 0.999996 0.000004 0 0.000000
283.000000000 0.000000 0.000000 0.999999 0.000001 0 0.000000
284.000000000 0.000000 0.000000 1.000000 0.000000 0 0.000000
285.000000000 0.000000 0.000000 1.000000 0.000000 0 0.000000
286.000000000 0.000000 0.000000 1.000000 0.000000 0 0.000000
287.000000000 0.000000 0.000000 1.000000 0.000000 0 0.000000
288.000000000 0.000000 0.000000 1.000000 0.000000 0 0.000000
289.000000000 0.000000 0.000000 1.000000 0.000000 0 0.000000
290.000000000 0.000000 0.000000 1.000000 0.000000 0 0.000000
291.000000000 0.000000 0.000000 1.000000 0.000000 0 0.000000
292.000000000 0.000000 0.000000 1.000000 0.000000 0 0.000000
293.000000000 0.000000 0.000000 1.000000 0.000000 0 0.000000
294.000000000 0.000000 0.000000 1.000000 0.000000 0 0.000000
295.000000000 0.000000 0.000000 1.000000 0.000000 0 0.000000
296.000000000 0.000000 0.000000 1.000000 0.000000 0 0.000000
297.000000000 0.000000 0.000000 1.000000 0.000000 0 0.000000
298.000000000 0.000000 0.000000 1.000000 0.000000 0 0.000000
299.000000000 0.000000 0.000000 1.000000 0.000000 0 0.000000
300.000000000 0.000000 0.000000 1.000000 0.000000 0 0.000000
301.000000000 0.000000 0.000000 1.000000 0.000000 0 0.000000
302.000000000 0.000000 0.000000 1.000000 0.000000 0 0.000000
303.000000000 0.000000 0.000000 1.000000 0.000000 0 0.000000
304.000000000 0.000000 0.000000 1.000000 0.000000 0 0.000000
305.000000000 0.000000 0.000000 1.000000 0.000000 0 0.000000
306.000000000 0.000000 0.000000 1.000000 0.000000 0 0.000000
307.000000000 0.000000 0.000000 1.000000 0.000000 0 0.000000
308.000000000 0.000000 0.000000 1.000000 0.000000 0 0.000000
309.000000000 0.000000 0.000000 1.000000 0.000000 0 0.000000
310.000000000 0.000000 0.000000 1.000000 0.000000 0 0.000000
311.000000000 0.000000 0.000000 1.000000 0.000000 0 0.000000
312.000000000 0.000000 0.000000 1.000000 0.000000 0 0.000000
313.000000000 0.000000 0.000000 1.000000 0.000000 0 0.000000
314.000000000 0.000000 0.000000 1.000000 0.000000 0 0.000000
315.000000000 0.000000 0.000000 1.000000 0.000000 0 0.000000
316.000000000 0.000000 0.000000 1.000000 0.000000 0 0.000000
317.000000000 0.000000 0.000000 1.000000 0.000000 0 0.000000
318.000000000 0.000000 0.000000 1.000000 0.000000 0 0.000000
319.000000000 0.000000 0.000000 1.000000 0.000000 0 0.000000
320.000000000 0.000000 0.000000 1.000000 0.000000 0 0.000000
321.000000000 0.000000 0.000000 1.000000 0.000000 0 0.000000
322.000000000 0.000000 0.000000 1.000000 0.000000 0 0.000000
323.000000000 0.000000 0.000000 1.000000 0.000000 0 0.000000
324.000000000 0.000000 0.000000 1.000000 0.000000 0 0.000000
325.000000000 0.000000 0.000000 1.000000 0.000000 0 0.000000
326.000000000 0.000000 0.000000 1.000000 0.000000 0 0.000000
327.000000000 0.000000 0.000000 1.000000 0.000000 0 0.000000
328.000000000 0.000000 0.000000 1.000000 0.000000 0 0.000000
329.000000000 0.000000 0.000000 1.000000 0.000000 0 0.000000
330.000000000 0.000000 0.000000 1.000000 0.000000 0 0.000000
331.000000000 0.000000 0.000000 1.000000 0.000000 0 0.000000
332.000000000 0.000000 0.000000 1.000000 0.000000 0 0.000000
333.000000000 0.000000 0.000000 1.000000 0.000000 0 0.000000
334.000000000 0.000000 0.000000 1.000000 0.000000 0 0.000000
335.000000000 0.000000 0.000000 1.000000 0.000000 0 0.000000
336.000000000 0.000000 0.000000 1.000000 0.000000 0 0.000000
337.000000000 0.000000 0.000000 1.000000 0.000000 0 0.000000
338.000000000 0.000000 0.000000 1.000000 0.000000 0 0.000000
339.000000000 0.000000 0.000000 1.000000 0.000000 0 0.000000
340.000000000 0.000000 0.000000 1.000000 0.000000 0 0.000000
341.000000000 0.000000 0.000000 1.000000 0.000000 0 0.000000
342.000000000 0.000000 0.000000 1.000000 0.000000 0 0.000000
343.000000000 0.000000 0.000000 1.000000 0.000000 0 0.000000
344.000000000 0.000000 0.000000 1.000000 0.000000 0 0.000000
345.000000000 0.000000 0.000000 1.000000 0.000000 0 0.000000
346.000000000 0.000000 0.000000 1.000000 0.000000 0 0.000000
347.000000000 0.000000 0.000000 1.000000 0.000000 0 0.000000
348.000000000 0.000000 0.000000 1.000000 0.000000 0 0.000000
349.000000000 0.000000 0.000000 1.000000 0.000000 0 0.000000
350.000000000 0.000000 0.000000 1.000000 0.000000 0 0.000000
351.000000000 0.000000 0.000000 1.000000 0.000000 0 0.000000
352.000000000 0.000000 0.000000 1.000000 0.000000 0 0.000000
353.000000000 0.000000 0.000000 1.000000 0.000000 0 0.000000
354.000000000 0.000000 0.000000 1.000000 0.000000 0 0.000000
355.000000000 0.000000 0.000000 1.000000 0.000000 0 0.000000
356.000000000 0.000000 0.000000 1.000000 0.000000 0 0.000000
357.000000000 0.000000 0.000000 1.000000 0.000000 0 0.000000
358.000000000 0.000000 0.000000 1.000000 0.000000 0 0.000000
359.000000000 0.000000 0.000000 1.000000 0.000000 0 0.000000
